T(K)           V(ang^3/atom)  P(GPa)         rho(g/cm^3)    Cp(J/mol/K)    alpha_1(/K)    
0.0000         20.0763        0.0000         2.3229         0.0000         0.0000         
0.0000         19.8690        1.0000         2.3472         0.0000         0.0000         
0.0000         19.6735        2.0000         2.3705         0.0000         0.0000         
0.0000         19.4876        3.0000         2.3931         0.0000         0.0000         
0.0000         19.3095        4.0000         2.4152         0.0000         0.0000         
0.0000         19.1436        5.0000         2.4361         0.0000         0.0000         
0.0000         18.9837        6.0000         2.4566         0.0000         0.0000         
0.0000         18.8151        7.0000         2.4787         0.0000         0.0000         
0.0000         18.6627        8.0000         2.4989         0.0000         0.0000         
0.0000         18.5245        9.0000         2.5175         0.0000         0.0000         
0.0000         18.3836        10.0000        2.5368         0.0000         0.0000         
