The SAM model uses the reference state from Li2O.dat at T = 0.000000       K
Reference data for Cubic structure, Space-Group Number between 195 and 230: 
T(K)           V(ang^3/atom)  P(GPa)         rho(g/cm^3)    C11(GPa)       C12(GPa)       C44(GPa)       BH(GPa)        GH(GPa)        EH(GPa)        Debye(K)       
0.0000         8.2711         0.0000         2.0000         206.8000       24.1000        54.2000        85.0000        66.8948        158.9791       296.8984       
0.0000         7.4929         10.0000        2.2200         249.2000       50.4000        76.6000        116.6667       85.0290        205.2288       329.9163       
0.0000         6.9545         20.0000        2.3900         292.5000       82.9000        92.5000        152.7667       97.2382        240.6546       349.6428       
0.0000         6.5336         30.0000        2.5300         332.2000       115.0000       103.2000       187.4000       105.3271       266.1236       361.2212       
The SAM model parameters are as follows:
V: b0 is 0.00389441 (ang$^3/atom)     b1 is -0.14695681 (ang^3/atom/GPa)     RMSE is 0.0389078 (ang^3/atom)
C11: b0 is -0.164028 (GPa)     b1 is 14.522760     RMSE is 1.169409 (GPa)
C12: b0 is 0.009619 (GPa)     b1 is 2.102904     RMSE is 1.200393 (GPa)
C44: b0 is 0.045614 (GPa)     b1 is 3.864329     RMSE is 1.348691 (GPa)
B: b0 is -0.037354 (GPa)     b1 is 5.684470     RMSE is 0.680459 (GPa)
G: b0 is -0.004084 (GPa)     b1 is 4.751164     RMSE is 0.927858 (GPa)
E: b0 is -0.008292 (GPa)     b1 is 11.084042     RMSE is 1.834261 (GPa)
The modeled elastic constants and moduli are as follows:
T(K)           P(GPa)         V(ang^3/atom)  C11(GPa)       C12(GPa)       C44(GPa)       B(GPa)         G(GPa)         E(GPa)         
0.0000         0.0000         8.2711         206.8000       24.1000        54.2000        85.0000        66.8948        158.9791       
0.0000         1.0000         8.1790         210.8713       26.2629        56.7696        87.7990        69.0263        164.1158       
0.0000         2.0000         8.0904         214.9920       28.5472        59.2624        90.6955        71.0823        169.1365       
0.0000         3.0000         8.0052         219.1577       30.9463        61.6799        93.6834        73.0646        174.0421       
0.0000         4.0000         7.9233         223.3640       33.4536        64.0232        96.7571        74.9750        178.8333       
0.0000         5.0000         7.8444         227.6062       36.0625        66.2938        99.9104        76.8153        183.5111       
0.0000         6.0000         7.7686         231.8800       38.7664        68.4928        103.1376       78.5874        188.0763       
0.0000         7.0000         7.6957         236.1807       41.5587        70.6217        106.4327       80.2930        192.5298       
0.0000         8.0000         7.6255         240.5040       44.4328        72.6816        109.7899       81.9339        196.8725       
0.0000         9.0000         7.5580         244.8452       47.3821        74.6739        113.2031       83.5120        201.1052       
0.0000         10.0000        7.4929         249.2000       50.4000        76.6000        116.6667       85.0290        205.2288       
0.0000         11.0000        7.4303         253.5637       53.4799        78.4610        120.1745       86.4868        209.2441       
0.0000         12.0000        7.3700         257.9320       56.6152        80.2584        123.7208       87.8871        213.1521       
0.0000         13.0000        7.3118         262.3003       59.7993        81.9933        127.2996       89.2318        216.9536       
0.0000         14.0000        7.2556         266.6640       63.0256        83.6672        130.9051       90.5226        220.6494       
0.0000         15.0000        7.2014         271.0188       66.2875        85.2812        134.5312       91.7615        224.2405       
0.0000         16.0000        7.1489         275.3600       69.5784        86.8368        138.1723       92.9501        227.7277       
0.0000         17.0000        7.0981         279.6833       72.8917        88.3351        141.8222       94.0902        231.1118       
0.0000         18.0000        7.0488         283.9840       76.2208        89.7776        145.4752       95.1838        234.3938       
0.0000         19.0000        7.0010         288.2577       79.5591        91.1654        149.1253       96.2325        237.5744       
0.0000         20.0000        6.9545         292.5000       82.9000        92.5000        152.7667       97.2382        240.6546       
0.0000         21.0000        6.9091         296.7063       86.2369        93.7826        156.3934       98.2028        243.6353       
0.0000         22.0000        6.8648         300.8720       89.5632        95.0144        159.9995       99.1279        246.5172       
0.0000         23.0000        6.8214         304.9928       92.8723        96.1968        163.5791       100.0154       249.3013       
0.0000         24.0000        6.7788         309.0640       96.1576        97.3312        167.1264       100.8672       251.9885       
0.0000         25.0000        6.7369         313.0813       99.4125        98.4188        170.6354       101.6849       254.5795       
0.0000         26.0000        6.6956         317.0400       102.6304       99.4608        174.1003       102.4705       257.0754       
0.0000         27.0000        6.6547         320.9357       105.8047       100.4587       177.5151       103.2257       259.4768       
0.0000         28.0000        6.6142         324.7640       108.9288       101.4136       180.8739       103.9523       261.7847       
0.0000         29.0000        6.5738         328.5202       111.9961       102.3269       184.1708       104.6522       264.0001       
0.0000         30.0000        6.5336         332.2000       115.0000       103.2000       187.4000       105.3271       266.1236       
100.0000       0.0000         8.2909         204.8355       23.8155        53.6773        84.2311        66.2521        157.4798       
100.0000       1.0000         8.1977         208.9918       25.9864        56.2578        87.0598        68.4049        162.6661       
100.0000       2.0000         8.1081         213.1912       28.2780        58.7606        89.9838        70.4806        167.7325       
100.0000       3.0000         8.0219         217.4300       30.6838        61.1871        92.9972        72.4810        172.6802       
100.0000       4.0000         7.9390         221.7041       33.1973        63.5388        96.0945        74.4082        177.5105       
100.0000       5.0000         7.8593         226.0096       35.8119        65.8169        99.2698        76.2641        182.2244       
100.0000       6.0000         7.7826         230.3423       38.5210        68.0228        102.5174       78.0505        186.8230       
100.0000       7.0000         7.7089         234.6981       41.3181        70.1579        105.8315       79.7695        191.3075       
100.0000       8.0000         7.6380         239.0729       44.1967        72.2234        109.2064       81.4228        195.6790       
100.0000       9.0000         7.5698         243.4625       47.1500        74.2209        112.6363       83.0124        199.9384       
100.0000       10.0000        7.5042         247.8627       50.1717        76.1515        116.1153       84.5400        204.0868       
100.0000       11.0000        7.4409         252.2691       53.2551        78.0166        119.6377       86.0077        208.1252       
100.0000       12.0000        7.3800         256.6776       56.3936        79.8176        123.1976       87.4173        212.0546       
100.0000       13.0000        7.3212         261.0839       59.5806        81.5558        126.7892       88.7706        215.8760       
100.0000       14.0000        7.2646         265.4835       62.8096        83.2324        130.4067       90.0694        219.5905       
100.0000       15.0000        7.2098         269.8723       66.0739        84.8489        134.0442       91.3157        223.1989       
100.0000       16.0000        7.1568         274.2459       69.3671        86.4066        137.6960       92.5113        226.7022       
100.0000       17.0000        7.1056         278.5998       72.6824        87.9068        141.3560       93.6580        230.1014       
100.0000       18.0000        7.0558         282.9298       76.0134        89.3507        145.0185       94.7576        233.3975       
100.0000       19.0000        7.0076         287.2315       79.3535        90.7398        148.6777       95.8120        236.5913       
100.0000       20.0000        6.9606         291.5004       82.6959        92.0753        152.3277       96.8231        239.6839       
100.0000       21.0000        6.9148         295.7323       86.0343        93.3586        155.9625       97.7926        242.6761       
100.0000       22.0000        6.8701         299.9226       89.3619        94.5910        159.5765       98.7224        245.5689       
100.0000       23.0000        6.8263         304.0670       92.6721        95.7737        163.1636       99.6143        248.3632       
100.0000       24.0000        6.7834         308.1610       95.9585        96.9082        166.7180       100.4702       251.0600       
100.0000       25.0000        6.7411         312.2003       99.2144        97.9957        170.2338       101.2919       253.6601       
100.0000       26.0000        6.6994         316.1803       102.4332       99.0376        173.7053       102.0812       256.1645       
100.0000       27.0000        6.6582         320.0967       105.6083       100.0351       177.1264       102.8400       258.5741       
100.0000       28.0000        6.6173         323.9451       108.7332       100.9896       180.4913       103.5700       260.8898       
100.0000       29.0000        6.5766         327.7209       111.8011       101.9024       183.7942       104.2730       263.1125       
100.0000       30.0000        6.5360         331.4198       114.8057       102.7748       187.0292       104.9510       265.2432       
200.0000       0.0000         8.3485         199.1445       22.9915        52.1630        82.0035        64.3903        153.1362       
200.0000       1.0000         8.2528         203.4673       25.1736        54.7534        84.8871        66.5785        158.4047       
200.0000       2.0000         8.1607         207.8242       27.4756        57.2650        87.8627        68.6872        163.5479       
200.0000       3.0000         8.0722         212.2120       29.8910        59.6991        90.9249        70.7186        168.5673       
200.0000       4.0000         7.9871         216.6274       32.4133        62.0572        94.0681        72.6748        173.4647       
200.0000       5.0000         7.9053         221.0670       35.0360        64.3408        97.2868        74.5577        178.2413       
200.0000       6.0000         7.8266         225.5273       37.7526        66.5511        100.5755       76.3695        182.8987       
200.0000       7.0000         7.7509         230.0047       40.5565        68.6897        103.9285       78.1122        187.4383       
200.0000       8.0000         7.6782         234.4954       43.4413        70.7580        107.3403       79.7878        191.8613       
200.0000       9.0000         7.6081         238.9957       46.4004        72.7573        110.8052       81.3983        196.1690       
200.0000       10.0000        7.5407         243.5018       49.4273        74.6890        114.3175       82.9456        200.3628       
200.0000       11.0000        7.4758         248.0098       52.5154        76.5544        117.8716       84.4317        204.4437       
200.0000       12.0000        7.4132         252.5157       55.6582        78.3551        121.4618       85.8585        208.4131       
200.0000       13.0000        7.3529         257.0155       58.8490        80.0922        125.0822       87.2280        212.2721       
200.0000       14.0000        7.2946         261.5053       62.0815        81.7673        128.7273       88.5421        216.0217       
200.0000       15.0000        7.2384         265.9809       65.3490        83.3816        132.3912       89.8027        219.6632       
200.0000       16.0000        7.1839         270.4383       68.6449        84.9364        136.0681       91.0118        223.1977       
200.0000       17.0000        7.1312         274.8733       71.9627        86.4333        139.7524       92.1712        226.6262       
200.0000       18.0000        7.0801         279.2818       75.2958        87.8734        143.4383       93.2827        229.9498       
200.0000       19.0000        7.0304         283.6595       78.6377        89.2582        147.1198       94.3484        233.1696       
200.0000       20.0000        6.9821         288.0024       81.9817        90.5891        150.7914       95.3701        236.2867       
200.0000       21.0000        6.9350         292.3061       85.3214        91.8672        154.4471       96.3497        239.3020       
200.0000       22.0000        6.8889         296.5665       88.6501        93.0941        158.0812       97.2891        242.2167       
200.0000       23.0000        6.8439         300.7792       91.9613        94.2710        161.6878       98.1900        245.0317       
200.0000       24.0000        6.7997         304.9400       95.2485        95.3993        165.2612       99.0545        247.7481       
200.0000       25.0000        6.7561         309.0446       98.5049        96.4804        168.7954       99.8843        250.3668       
200.0000       26.0000        6.7132         313.0887       101.7241       97.5155        172.2848       100.6813       252.8890       
200.0000       27.0000        6.6708         317.0680       104.8994       98.5060        175.7234       101.4475       255.3155       
200.0000       28.0000        6.6286         320.9782       108.0244       99.4534        179.1054       102.1846       257.6475       
200.0000       29.0000        6.5867         324.8148       111.0924       100.3588       182.4250       102.8945       259.8858       
200.0000       30.0000        6.5449         328.5737       114.0968       101.2238       185.6764       103.5790       262.0315       
300.0000       0.0000         8.4134         192.7304       22.0627        50.4563        79.4929        62.2919        148.2409       
300.0000       1.0000         8.3150         197.2215       24.2547        53.0527        82.4308        64.5136        153.5870       
300.0000       2.0000         8.2204         201.7381       26.5657        55.5690        85.4575        66.6537        158.8026       
300.0000       3.0000         8.1294         206.2777       28.9894        58.0068        88.5680        68.7143        163.8899       
300.0000       4.0000         8.0419         210.8376       31.5192        60.3676        91.7570        70.6978        168.8506       
300.0000       5.0000         7.9579         215.4150       34.1488        62.6527        95.0191        72.6064        173.6865       
300.0000       6.0000         7.8770         220.0070       36.8716        64.8639        98.3490        74.4422        178.3995       
300.0000       7.0000         7.7992         224.6103       39.6812        67.0023        101.7412       76.2075        182.9911       
300.0000       8.0000         7.7244         229.2217       42.5711        69.0697        105.1903       77.9042        187.4629       
300.0000       9.0000         7.6524         233.8378       45.5348        71.0672        108.6908       79.5344        191.8165       
300.0000       10.0000        7.5830         238.4553       48.5658        72.9965        112.2371       81.1004        196.0532       
300.0000       11.0000        7.5162         243.0705       51.6576        74.8588        115.8236       82.6039        200.1746       
300.0000       12.0000        7.4518         247.6797       54.8037        76.6557        119.4448       84.0472        204.1818       
300.0000       13.0000        7.3897         252.2794       57.9974        78.3884        123.0950       85.4322        208.0764       
300.0000       14.0000        7.3297         256.8657       61.2324        80.0585        126.7686       86.7608        211.8596       
300.0000       15.0000        7.2717         261.4348       64.5020        81.6673        130.4599       88.0352        215.5326       
300.0000       16.0000        7.2156         265.9828       67.7998        83.2161        134.1633       89.2571        219.0968       
300.0000       17.0000        7.1613         270.5059       71.1191        84.7064        137.8731       90.4287        222.5533       
300.0000       18.0000        7.1085         275.0001       74.4535        86.1395        141.5835       91.5517        225.9032       
300.0000       19.0000        7.0573         279.4613       77.7964        87.5169        145.2888       92.6283        229.1479       
300.0000       20.0000        7.0074         283.8856       81.1412        88.8399        148.9834       93.6602        232.2885       
300.0000       21.0000        6.9587         288.2688       84.4814        90.1098        152.6614       94.6495        235.3260       
300.0000       22.0000        6.9112         292.6070       87.8105        91.3281        156.3171       95.5980        238.2617       
300.0000       23.0000        6.8646         296.8960       91.1218        92.4961        159.9448       96.5077        241.0967       
300.0000       24.0000        6.8189         301.1315       94.4089        93.6152        163.5386       97.3804        243.8320       
300.0000       25.0000        6.7739         305.3096       97.6651        94.6868        167.0929       98.2181        246.4688       
300.0000       26.0000        6.7295         309.4259       100.8839       95.7122        170.6018       99.0227        249.0082       
300.0000       27.0000        6.6856         313.4763       104.0587       96.6928        174.0596       99.7961        251.4512       
300.0000       28.0000        6.6421         317.4566       107.1831       97.6300        177.4604       100.5401       253.7989       
300.0000       29.0000        6.5988         321.3624       110.2504       98.5251        180.7984       101.2567       256.0524       
300.0000       30.0000        6.5556         325.1896       113.2540       99.3796        184.0679       101.9478       258.2128       
400.0000       0.0000         8.4804         186.1142       21.1047        48.6958        76.9032        60.1274        143.1913       
400.0000       1.0000         8.3792         190.7736       23.3060        51.2969        79.8948        62.3819        148.6133       
400.0000       2.0000         8.2820         195.4499       25.6256        53.8167        82.9724        64.5525        153.8998       
400.0000       3.0000         8.1886         200.1415       28.0571        56.2569        86.1310        66.6418        159.0532       
400.0000       4.0000         8.0987         204.8463       30.5940        58.6191        89.3655        68.6520        164.0758       
400.0000       5.0000         8.0123         209.5620       33.2300        60.9047        92.6708        70.5857        168.9697       
400.0000       6.0000         7.9292         214.2862       35.9586        63.1153        96.0417        72.4450        173.7370       
400.0000       7.0000         7.8493         219.0163       38.7735        65.2525        99.4730        74.2322        178.3794       
400.0000       8.0000         7.7724         223.7493       41.6681        67.3177        102.9593       75.9496        182.8989       
400.0000       9.0000         7.6983         228.4823       44.6361        69.3124        106.4953       77.5992        187.2972       
400.0000       10.0000        7.6270         233.2123       47.6708        71.2381        110.0756       79.1833        191.5759       
400.0000       11.0000        7.5583         237.9359       50.7659        73.0962        113.6946       80.7040        195.7366       
400.0000       12.0000        7.4920         242.6499       53.9149        74.8882        117.3469       82.1633        199.7810       
400.0000       13.0000        7.4280         247.3508       57.1112        76.6154        121.0270       83.5634        203.7104       
400.0000       14.0000        7.3662         252.0351       60.3484        78.2794        124.7293       84.9063        207.5263       
400.0000       15.0000        7.3065         256.6994       63.6198        79.8816        128.4483       86.1940        211.2301       
400.0000       16.0000        7.2486         261.3398       66.9191        81.4233        132.1783       87.4286        214.8233       
400.0000       17.0000        7.1926         265.9527       70.2397        82.9061        135.9138       88.6120        218.3071       
400.0000       18.0000        7.1382         270.5344       73.5751        84.3312        139.6490       89.7463        221.6828       
400.0000       19.0000        7.0853         275.0810       76.9187        85.7001        143.3784       90.8335        224.9519       
400.0000       20.0000        7.0338         279.5887       80.2639        87.0142        147.0962       91.8755        228.1154       
400.0000       21.0000        6.9835         284.0535       83.6044        88.2749        150.7969       92.8743        231.1747       
400.0000       22.0000        6.9344         288.4715       86.9335        89.4836        154.4746       93.8318        234.1310       
400.0000       23.0000        6.8863         292.8388       90.2447        90.6418        158.1237       94.7500        236.9855       
400.0000       24.0000        6.8390         297.1513       93.5314        91.7507        161.7384       95.6309        239.7394       
400.0000       25.0000        6.7925         301.4050       96.7871        92.8118        165.3131       96.4764        242.3939       
400.0000       26.0000        6.7466         305.5958       100.0053       93.8265        168.8420       97.2884        244.9501       
400.0000       27.0000        6.7012         309.7196       103.1794       94.7962        172.3193       98.0689        247.4093       
400.0000       28.0000        6.6562         313.7722       106.3029       95.7223        175.7393       98.8197        249.7725       
400.0000       29.0000        6.6114         317.7496       109.3692       96.6062        179.0963       99.5429        252.0410       
400.0000       30.0000        6.5667         321.6476       112.3718       97.4493        182.3844       100.2403       254.2158       
500.0000       0.0000         8.5482         179.4149       20.1346        46.9132        74.2810        57.9357        138.0782       
500.0000       1.0000         8.4443         184.2423       22.3451        49.5184        77.3262        60.2226        143.5753       
500.0000       2.0000         8.3445         189.0784       24.6730        52.0412        80.4544        62.4235        148.9319       
500.0000       3.0000         8.2485         193.9219       27.1121        54.4833        83.6608        64.5411        154.1509       
500.0000       4.0000         8.1563         198.7717       29.6559        56.8463        86.9407        66.5779        159.2347       
500.0000       5.0000         8.0675         203.6259       32.2981        59.1318        90.2891        68.5363        164.1860       
500.0000       6.0000         7.9822         208.4827       35.0324        61.3415        93.7011        70.4188        169.0069       
500.0000       7.0000         7.9001         213.3397       37.8524        63.4769        97.1713        72.2278        173.6997       
500.0000       8.0000         7.8211         218.1947       40.7516        65.5394        100.6949       73.9656        178.2663       
500.0000       9.0000         7.7450         223.0449       43.7236        67.5308        104.2663       75.6344        182.7088       
500.0000       10.0000        7.6716         227.8878       46.7619        69.4524        107.8805       77.2365        187.0290       
500.0000       11.0000        7.6010         232.7204       49.8602        71.3058        111.5320       78.7741        191.2288       
500.0000       12.0000        7.5328         237.5396       53.0119        73.0924        115.2155       80.2493        195.3097       
500.0000       13.0000        7.4670         242.3423       56.2106        74.8137        118.9255       81.6644        199.2735       
500.0000       14.0000        7.4033         247.1254       59.4498        76.4712        122.6566       83.0213        203.1218       
500.0000       15.0000        7.3418         251.8853       62.7230        78.0663        126.4033       84.3223        206.8562       
500.0000       16.0000        7.2822         256.6188       66.0237        79.6005        130.1600       85.5694        210.4780       
500.0000       17.0000        7.2245         261.3223       69.3454        81.0752        133.9212       86.7646        213.9889       
500.0000       18.0000        7.1684         265.9922       72.6816        82.4918        137.6814       87.9100        217.3901       
500.0000       19.0000        7.1138         270.6250       76.0257        83.8518        141.4349       89.0077        220.6832       
500.0000       20.0000        7.0606         275.2168       79.3714        85.1567        145.1762       90.0596        223.8695       
500.0000       21.0000        7.0088         279.7640       82.7119        86.4077        148.8996       91.0678        226.9504       
500.0000       22.0000        6.9580         284.2628       86.0410        87.6065        152.5994       92.0343        229.9270       
500.0000       23.0000        6.9083         288.7092       89.3519        88.7543        156.2701       92.9610        232.8009       
500.0000       24.0000        6.8595         293.0995       92.6382        89.8526        159.9059       93.8499        235.5732       
500.0000       25.0000        6.8114         297.4297       95.8933        90.9029        163.5011       94.7031        238.2452       
500.0000       26.0000        6.7640         301.6959       99.1108        91.9065        167.0501       95.5225        240.8182       
500.0000       27.0000        6.7170         305.8940       102.2840       92.8649        170.5472       96.3100        243.2934       
500.0000       28.0000        6.6705         310.0200       105.4065       93.7795        173.9866       97.0677        245.6720       
500.0000       29.0000        6.6242         314.0699       108.4718       94.6517        177.3626       97.7974        247.9552       
500.0000       30.0000        6.5780         318.0396       111.4732       95.4830        180.6695       98.5011        250.1443       
600.0000       0.0000         8.6164         172.6734       19.1585        45.1193        71.6422        55.7302        132.9330       
600.0000       1.0000         8.5098         177.6689       21.3780        47.7284        74.7409        58.0494        138.5048       
600.0000       2.0000         8.4074         182.6646       23.7142        50.2539        77.9196        60.2805        143.9312       
600.0000       3.0000         8.3089         187.6602       26.1607        52.6976        81.1739        62.4262        149.2153       
600.0000       4.0000         8.2142         192.6550       28.7113        55.0612        84.4992        64.4893        154.3601       
600.0000       5.0000         8.1232         197.6477       31.3597        57.3464        87.8906        66.4724        159.3683       
600.0000       6.0000         8.0356         202.6371       34.0995        59.5548        91.3434        68.3780        164.2426       
600.0000       7.0000         7.9513         207.6213       36.9245        61.6881        94.8527        70.2086        168.9854       
600.0000       8.0000         7.8701         212.5983       39.8281        63.7478        98.4134        71.9667        173.5989       
600.0000       9.0000         7.7920         217.5661       42.8041        65.7356        102.0203       73.6546        178.0854       
600.0000       10.0000        7.7166         222.5221       45.8460        67.6529        105.6684       75.2746        182.4469       
600.0000       11.0000        7.6440         227.4638       48.9473        69.5013        109.3524       76.8290        186.6854       
600.0000       12.0000        7.5739         232.3885       52.1017        71.2823        113.0671       78.3200        190.8028       
600.0000       13.0000        7.5062         237.2934       55.3028        72.9974        116.8070       79.7499        194.8008       
600.0000       14.0000        7.4408         242.1753       58.5439        74.6481        120.5669       81.1209        198.6813       
600.0000       15.0000        7.3774         247.0314       61.8187        76.2359        124.3413       82.4350        202.4459       
600.0000       16.0000        7.3161         251.8582       65.1207        77.7623        128.1247       83.6945        206.0963       
600.0000       17.0000        7.2566         256.6526       68.4434        79.2288        131.9118       84.9015        209.6341       
600.0000       18.0000        7.1988         261.4112       71.7804        80.6367        135.6969       86.0580        213.0607       
600.0000       19.0000        7.1425         266.1304       75.1251        81.9876        139.4747       87.1661        216.3777       
600.0000       20.0000        7.0877         270.8068       78.4710        83.2830        143.2394       88.2279        219.5867       
600.0000       21.0000        7.0342         275.4368       81.8116        84.5242        146.9856       89.2455        222.6889       
600.0000       22.0000        6.9819         280.0167       85.1405        85.7127        150.7076       90.2208        225.6859       
600.0000       23.0000        6.9306         284.5428       88.4511        86.8500        154.3999       91.1560        228.5790       
600.0000       24.0000        6.8801         289.0114       91.7369        87.9375        158.0568       92.0530        231.3696       
600.0000       25.0000        6.8305         293.4186       94.9914        88.9767        161.6727       92.9138        234.0591       
600.0000       26.0000        6.7815         297.7606       98.2081        89.9690        165.2420       93.7405        236.6487       
600.0000       27.0000        6.7330         302.0335       101.3804       90.9159        168.7588       94.5351        239.1398       
600.0000       28.0000        6.6849         306.2333       104.5019       91.8188        172.2177       95.2994        241.5337       
600.0000       29.0000        6.6371         310.3562       107.5660       92.6792        175.6129       96.0357        243.8317       
600.0000       30.0000        6.5894         314.3981       110.5662       93.4985        178.9387       96.7457        246.0351       
700.0000       0.0000         8.6849         165.9078       18.1788        43.3191        68.9940        53.5168        127.7693       
700.0000       1.0000         8.5755         171.0712       20.4073        45.9318        72.1461        55.8682        133.4157       
700.0000       2.0000         8.4705         176.2266       22.7517        48.4599        75.3753        58.1293        138.9116       
700.0000       3.0000         8.3695         181.3742       25.2056        50.9050        78.6774        60.3031        144.2606       
700.0000       4.0000         8.2724         186.5140       27.7630        53.2690        82.0479        62.3924        149.4661       
700.0000       5.0000         8.1790         191.6454       30.4175        55.5537        85.4824        64.4001        154.5312       
700.0000       6.0000         8.0891         196.7674       33.1628        57.7608        88.9761        66.3287        159.4586       
700.0000       7.0000         8.0027         201.8788       35.9927        59.8918        92.5243        68.1809        164.2513       
700.0000       8.0000         7.9194         206.9780       38.9007        61.9485        96.1221        69.9592        168.9115       
700.0000       9.0000         7.8392         212.0633       41.8806        63.9325        99.7645        71.6661        173.4418       
700.0000       10.0000        7.7618         217.1325       44.9260        65.8453        103.4465       73.3040        177.8445       
700.0000       11.0000        7.6872         222.1836       48.0304        67.6886        107.1631       74.8751        182.1216       
700.0000       12.0000        7.6152         227.2139       51.1874        69.4639        110.9089       76.3819        186.2752       
700.0000       13.0000        7.5456         232.2210       54.3907        71.1727        114.6787       77.8267        190.3074       
700.0000       14.0000        7.4784         237.2021       57.6337        72.8165        118.4674       79.2116        194.2200       
700.0000       15.0000        7.4132         242.1544       60.9101        74.3969        122.2695       80.5389        198.0148       
700.0000       16.0000        7.3501         247.0749       64.2134        75.9154        126.0797       81.8107        201.6936       
700.0000       17.0000        7.2889         251.9604       67.5372        77.3734        129.8926       83.0294        205.2582       
700.0000       18.0000        7.2294         256.8077       70.8748        78.7725        133.7028       84.1969        208.7101       
700.0000       19.0000        7.1714         261.6137       74.2200        80.1142        137.5047       85.3154        212.0510       
700.0000       20.0000        7.1150         266.3749       77.5661        81.3999        141.2930       86.3871        215.2825       
700.0000       21.0000        7.0598         271.0879       80.9068        82.6311        145.0620       87.4140        218.4061       
700.0000       22.0000        7.0058         275.7492       84.2355        83.8093        148.8063       88.3982        221.4233       
700.0000       23.0000        6.9529         280.3552       87.5458        84.9360        152.5203       89.3418        224.3356       
700.0000       24.0000        6.9009         284.9023       90.8310        86.0126        156.1983       90.2468        227.1444       
700.0000       25.0000        6.8497         289.3867       94.0849        87.0406        159.8349       91.1153        229.8513       
700.0000       26.0000        6.7991         293.8048       97.3007        88.0215        163.4244       91.9493        232.4575       
700.0000       27.0000        6.7491         298.1527       100.4721       88.9567        166.9611       92.7508        234.9645       
700.0000       28.0000        6.6995         302.4267       103.5925       89.8478        170.4395       93.5219        237.3737       
700.0000       29.0000        6.6501         306.6228       106.6555       90.6962        173.8539       94.2646        239.6864       
700.0000       30.0000        6.6009         310.7372       109.6545       91.5034        177.1986       94.9809        241.9039       
800.0000       0.0000         8.7535         159.1269       17.1969        41.5148        66.3399        51.2984        122.5941       
800.0000       1.0000         8.6414         164.4583       19.4344        44.1311        69.5454        53.6819        128.3147       
800.0000       2.0000         8.5338         169.7733       21.7869        46.6616        72.8250        55.9730        133.8800       
800.0000       3.0000         8.4302         175.0730       24.2483        49.1081        76.1748        58.1748        139.2939       
800.0000       4.0000         8.3307         180.3578       26.8123        51.4724        79.5906        60.2904        144.5600       
800.0000       5.0000         8.2350         185.6278       29.4728        53.7565        83.0680        62.3225        149.6817       
800.0000       6.0000         8.1429         190.8825       32.2236        55.9621        86.6026        64.2742        154.6623       
800.0000       7.0000         8.0542         196.1211       35.0584        58.0908        90.1897        66.1479        159.5047       
800.0000       8.0000         7.9688         201.3426       37.9708        60.1444        93.8247        67.9464        164.2115       
800.0000       9.0000         7.8865         206.5455       40.9546        62.1245        97.5026        69.6722        168.7856       
800.0000       10.0000        7.8071         211.7281       44.0034        64.0328        101.2185       71.3279        173.2293       
800.0000       11.0000        7.7306         216.8885       47.1108        65.8709        104.9675       72.9158        177.5449       
800.0000       12.0000        7.6566         222.0246       50.2705        67.6403        108.7445       74.4383        181.7348       
800.0000       13.0000        7.5852         227.1340       53.4760        69.3427        112.5443       75.8978        185.8010       
800.0000       14.0000        7.5161         232.2144       56.7209        70.9795        116.3618       77.2967        189.7456       
800.0000       15.0000        7.4492         237.2630       59.9989        72.5524        120.1916       78.6371        193.5706       
800.0000       16.0000        7.3843         242.2772       63.3034        74.0629        124.0286       79.9213        197.2778       
800.0000       17.0000        7.3213         247.2539       66.6281        75.5125        127.8674       81.1516        200.8691       
800.0000       18.0000        7.2600         252.1902       69.9665        76.9027        131.7025       82.3301        204.3462       
800.0000       19.0000        7.2004         257.0831       73.3121        78.2350        135.5287       83.4591        207.7109       
800.0000       20.0000        7.1423         261.9292       76.6585        79.5110        139.3405       84.5406        210.9649       
800.0000       21.0000        7.0855         266.7254       79.9992        80.7322        143.1324       85.5768        214.1098       
800.0000       22.0000        7.0299         271.4682       83.3277        81.8999        146.8989       86.5699        217.1472       
800.0000       23.0000        6.9753         276.1542       86.6375        83.0159        150.6346       87.5218        220.0787       
800.0000       24.0000        6.9217         280.7800       89.9223        84.0815        154.3339       88.4348        222.9057       
800.0000       25.0000        6.8689         285.3418       93.1754        85.0982        157.9911       89.3110        225.6299       
800.0000       26.0000        6.8168         289.8362       96.3904        86.0676        161.6009       90.1522        228.2527       
800.0000       27.0000        6.7652         294.2593       99.5608        86.9912        165.1576       90.9608        230.7756       
800.0000       28.0000        6.7141         298.6076       102.6802       87.8704        168.6555       91.7386        233.2000       
800.0000       29.0000        6.6632         302.8771       105.7419       88.7067        172.0892       92.4878        235.5274       
800.0000       30.0000        6.6124         307.0642       108.7396       89.5017        175.4528       93.2103        237.7591       
900.0000       0.0000         8.8222         152.3359       16.2136        39.7078        63.6818        49.0767        117.4111       
900.0000       1.0000         8.7074         157.8353       18.4600        42.3276        66.9406        51.4923        123.2060       
900.0000       2.0000         8.5971         163.3099       20.8206        44.8604        70.2706        53.8133        128.8406       
900.0000       3.0000         8.4911         168.7616       23.2893        47.3082        73.6682        56.0431        134.3191       
900.0000       4.0000         8.3891         174.1914       25.8601        49.6729        77.1292        58.1848        139.6458       
900.0000       5.0000         8.2911         179.6000       28.5266        51.9563        80.6496        60.2415        144.8241       
900.0000       6.0000         8.1967         184.9875       31.2828        54.1603        84.2250        62.2161        149.8577       
900.0000       7.0000         8.1058         190.3534       34.1225        56.2866        87.8511        64.1113        154.7497       
900.0000       8.0000         8.0183         195.6971       37.0393        58.3371        91.5231        65.9300        159.5032       
900.0000       9.0000         7.9339         201.0177       40.0269        60.3133        95.2365        67.6747        164.1209       
900.0000       10.0000        7.8525         206.3136       43.0791        62.2169        98.9863        69.3482        168.6056       
900.0000       11.0000        7.7740         211.5835       46.1895        64.0497        102.7678       70.9527        172.9597       
900.0000       12.0000        7.6981         216.8254       49.3518        65.8133        106.5760       72.4910        177.1857       
900.0000       13.0000        7.6248         222.0372       52.5595        67.5092        110.4057       73.9653        181.2859       
900.0000       14.0000        7.5539         227.2169       55.8063        69.1390        114.2520       75.3780        185.2625       
900.0000       15.0000        7.4851         232.3620       59.0858        70.7043        118.1096       76.7315        189.1175       
900.0000       16.0000        7.4185         237.4699       62.3916        72.2067        121.9734       78.0281        192.8531       
900.0000       17.0000        7.3537         242.5379       65.7173        73.6478        125.8380       79.2700        196.4711       
900.0000       18.0000        7.2908         247.5633       69.0563        75.0290        129.6982       80.4596        199.9734       
900.0000       19.0000        7.2295         252.5432       72.4024        76.3520        133.5487       81.5989        203.3619       
900.0000       20.0000        7.1696         257.4743       75.7489        77.6182        137.3840       82.6902        206.6384       
900.0000       21.0000        7.1112         262.3538       79.0896        78.8292        141.1988       83.7358        209.8046       
900.0000       22.0000        7.0540         267.1782       82.4179        79.9865        144.9876       84.7376        212.8621       
900.0000       23.0000        6.9978         271.9444       85.7274        81.0917        148.7449       85.6980        215.8127       
900.0000       24.0000        6.9426         276.6488       89.0115        82.1463        152.4654       86.6190        218.6579       
900.0000       25.0000        6.8882         281.2882       92.2639        83.1517        156.1434       87.5027        221.3995       
900.0000       26.0000        6.8345         285.8589       95.4781        84.1095        159.7735       88.3513        224.0388       
900.0000       27.0000        6.7814         290.3574       98.6475        85.0213        163.3501       89.1668        226.5775       
900.0000       28.0000        6.7287         294.7801       101.7658       85.8886        166.8676       89.9514        229.0172       
900.0000       29.0000        6.6762         299.1232       104.8264       86.7128        170.3205       90.7070        231.3592       
900.0000       30.0000        6.6240         303.3830       107.8228       87.4956        173.7031       91.4358        233.6051       
1000.0000      0.0000         8.8910         145.5378       15.2292        37.8989        61.0209        46.8527        112.2226       
1000.0000      1.0000         8.7735         151.2051       17.4845        40.5222        64.3330        49.3003        118.0917       
1000.0000      2.0000         8.6606         156.8393       19.8532        43.0573        67.7135        51.6513        123.7955       
1000.0000      3.0000         8.5520         162.4430       22.3293        45.5063        71.1587        53.9090        129.3388       
1000.0000      4.0000         8.4476         168.0179       24.9067        47.8712        74.6650        56.0769        134.7259       
1000.0000      5.0000         8.3472         173.5652       27.5793        50.1539        78.2283        58.1580        139.9608       
1000.0000      6.0000         8.2506         179.0853       30.3409        52.3563        81.8446        60.1555        145.0473       
1000.0000      7.0000         8.1575         184.5786       33.1854        54.4802        85.5096        62.0722        149.9890       
1000.0000      8.0000         8.0678         190.0446       36.1066        56.5274        89.2187        63.9110        154.7889       
1000.0000      9.0000         7.9814         195.4828       39.0981        58.4997        92.9675        65.6747        159.4503       
1000.0000      10.0000        7.8980         200.8922       42.1537        60.3987        96.7513        67.3659        163.9759       
1000.0000      11.0000        7.8175         206.2715       45.2670        62.2262        100.5653       68.9871        168.3685       
1000.0000      12.0000        7.7397         211.6192       48.4319        63.9838        104.4046       70.5411        172.6306       
1000.0000      13.0000        7.6645         216.9336       51.6418        65.6732        108.2643       72.0301        176.7648       
1000.0000      14.0000        7.5917         222.2126       54.8905        67.2959        112.1394       73.4567        180.7733       
1000.0000      15.0000        7.5212         227.4542       58.1715        68.8536        116.0247       74.8233        184.6584       
1000.0000      16.0000        7.4527         232.6559       61.4785        70.3479        119.9153       76.1322        188.4222       
1000.0000      17.0000        7.3862         237.8153       64.8051        71.7804        123.8058       77.3858        192.0669       
1000.0000      18.0000        7.3215         242.9298       68.1448        73.1527        127.6910       78.5863        195.5944       
1000.0000      19.0000        7.2585         247.9967       71.4913        74.4662        131.5658       79.7360        199.0067       
1000.0000      20.0000        7.1971         253.0130       74.8381        75.7226        135.4246       80.8372        202.3056       
1000.0000      21.0000        7.1369         257.9757       78.1787        76.9235        139.2623       81.8920        205.4930       
1000.0000      22.0000        7.0781         262.8819       81.5068        78.0703        143.0734       82.9027        208.5707       
1000.0000      23.0000        7.0203         267.7282       84.8159        79.1647        146.8525       83.8715        211.5404       
1000.0000      24.0000        6.9635         272.5115       88.0994        80.2081        150.5941       84.8004        214.4038       
1000.0000      25.0000        6.9076         277.2285       91.3511        81.2022        154.2929       85.6918        217.1627       
1000.0000      26.0000        6.8523         281.8757       94.5644        82.1485        157.9433       86.5476        219.8185       
1000.0000      27.0000        6.7976         286.4496       97.7329        83.0485        161.5398       87.3701        222.3731       
1000.0000      28.0000        6.7433         290.9467       100.8500       83.9037        165.0769       88.1614        224.8279       
1000.0000      29.0000        6.6893         295.3635       103.9094       84.7158        168.5491       88.9235        227.1846       
1000.0000      30.0000        6.6355         299.6961       106.9046       85.4864        171.9508       89.6585        229.4446       
1100.0000      0.0000         8.9598         138.7346       14.2441        36.0886        58.3580        44.6270        107.0303       
1100.0000      1.0000         8.8396         144.5697       16.5083        38.7154        61.7234        47.1066        112.9735       
1100.0000      2.0000         8.7241         150.3636       18.8851        41.2528        65.1543        49.4875        118.7465       
1100.0000      3.0000         8.6130         156.1193       21.3685        43.7030        68.6472        51.7731        124.3543       
1100.0000      4.0000         8.5062         161.8392       23.9525        46.0681        72.1987        53.9671        129.8018       
1100.0000      5.0000         8.4034         167.5251       26.6311        48.3500        75.8050        56.0727        135.0933       
1100.0000      6.0000         8.3045         173.1780       29.3982        50.5508        79.4621        58.0931        140.2327       
1100.0000      7.0000         8.2092         178.7986       32.2475        52.6722        83.1659        60.0313        145.2239       
1100.0000      8.0000         8.1174         184.3869       35.1730        54.7162        86.9122        61.8903        150.0704       
1100.0000      9.0000         8.0289         189.9428       38.1683        56.6845        90.6965        63.6728        154.7753       
1100.0000      10.0000        7.9435         195.4657       41.2273        58.5788        94.5142        65.3817        159.3418       
1100.0000      11.0000        7.8610         200.9545       44.3437        60.4009        98.3606        67.0197        163.7728       
1100.0000      12.0000        7.7813         206.4080       47.5111        62.1526        102.2311       68.5893        168.0711       
1100.0000      13.0000        7.7042         211.8249       50.7232        63.8354        106.1208       70.0931        172.2391       
1100.0000      14.0000        7.6296         217.2033       53.9737        65.4510        110.0246       71.5336        176.2796       
1100.0000      15.0000        7.5572         222.5414       57.2563        67.0011        113.9378       72.9132        180.1947       
1100.0000      16.0000        7.4870         227.8370       60.5645        68.4873        117.8551       74.2345        183.9869       
1100.0000      17.0000        7.4188         233.0879       63.8920        69.9112        121.7715       75.4996        187.6582       
1100.0000      18.0000        7.3524         238.2915       67.2324        71.2744        125.6818       76.7111        191.2108       
1100.0000      19.0000        7.2877         243.4454       70.5793        72.5785        129.5808       77.8712        194.6469       
1100.0000      20.0000        7.2245         248.5469       73.9263        73.8251        133.4632       78.9822        197.9682       
1100.0000      21.0000        7.1627         253.5930       77.2669        75.0157        137.3238       80.0463        201.1769       
1100.0000      22.0000        7.1022         258.5809       80.5947        76.1520        141.1571       81.0658        204.2747       
1100.0000      23.0000        7.0428         263.5075       83.9034        77.2356        144.9580       82.0430        207.2635       
1100.0000      24.0000        6.9844         268.3697       87.1864        78.2679        148.7209       82.9799        210.1451       
1100.0000      25.0000        6.9269         273.1643       90.4373        79.2506        152.4404       83.8789        212.9212       
1100.0000      26.0000        6.8700         277.8880       93.6497        80.1852        156.1111       84.7420        215.5936       
1100.0000      27.0000        6.8138         282.5374       96.8172        81.0734        159.7276       85.5714        218.1640       
1100.0000      28.0000        6.7580         287.1091       99.9332        81.9167        163.2843       86.3694        220.6340       
1100.0000      29.0000        6.7024         291.5995       102.9914       82.7166        166.7757       87.1380        223.0053       
1100.0000      30.0000        6.6471         296.0051       105.9853       83.4749        170.1964       87.8793        225.2795       
1200.0000      0.0000         9.0287         131.9274       13.2584        34.2773        55.6935        42.4000        101.8349       
1200.0000      1.0000         8.9057         137.9305       15.5315        36.9075        59.1123        44.9117        107.8522       
1200.0000      2.0000         8.7876         143.8839       17.9164        39.4471        62.5935        47.3224        113.6944       
1200.0000      3.0000         8.6740         149.7917       20.4071        41.8985        66.1341        49.6359        119.3668       
1200.0000      4.0000         8.5647         155.6567       22.9978        44.2638        69.7308        51.8560        124.8747       
1200.0000      5.0000         8.4596         161.4812       25.6824        46.5449        73.3800        53.9861        130.2226       
1200.0000      6.0000         8.3584         167.2668       28.4548        48.7440        77.0780        56.0293        135.4150       
1200.0000      7.0000         8.2610         173.0147       31.3090        50.8630        80.8208        57.9890        140.4557       
1200.0000      8.0000         8.1670         178.7254       34.2388        52.9037        84.6041        59.8681        145.3486       
1200.0000      9.0000         8.0764         184.3990       37.2380        54.8680        88.4238        61.6695        150.0971       
1200.0000      10.0000        7.9890         190.0353       40.3004        56.7576        92.2754        63.3962        154.7045       
1200.0000      11.0000        7.9046         195.6336       43.4197        58.5744        96.1544        65.0508        159.1739       
1200.0000      12.0000        7.8229         201.1931       46.5896        60.3200        100.0561       66.6360        163.5082       
1200.0000      13.0000        7.7440         206.7125       49.8039        61.9962        103.9756       68.1546        167.7102       
1200.0000      14.0000        7.6675         212.1903       53.0563        63.6047        107.9083       69.6090        171.7825       
1200.0000      15.0000        7.5933         217.6249       56.3404        65.1472        111.8492       71.0017        175.7277       
1200.0000      16.0000        7.5213         223.0144       59.6498        66.6252        115.7933       72.3352        179.5481       
1200.0000      17.0000        7.4513         228.3567       62.9782        68.0405        119.7356       73.6120        183.2461       
1200.0000      18.0000        7.3832         233.6496       66.3193        69.3946        123.6710       74.8345        186.8239       
1200.0000      19.0000        7.3168         238.8906       69.6666        70.6893        127.5942       76.0049        190.2836       
1200.0000      20.0000        7.2519         244.0772       73.0137        71.9260        131.5002       77.1257        193.6274       
1200.0000      21.0000        7.1885         249.2068       76.3543        73.1065        135.3837       78.1991        196.8573       
1200.0000      22.0000        7.1264         254.2765       79.6819        74.2322        139.2394       79.2275        199.9752       
1200.0000      23.0000        7.0654         259.2834       82.9901        75.3049        143.0619       80.2130        202.9831       
1200.0000      24.0000        7.0054         264.2246       86.2725        76.3261        146.8460       81.1579        205.8828       
1200.0000      25.0000        6.9462         269.0969       89.5227        77.2974        150.5863       82.0644        208.6763       
1200.0000      26.0000        6.8878         273.8971       92.7343        78.2204        154.2774       82.9348        211.3652       
1200.0000      27.0000        6.8300         278.6220       95.9007        79.0967        157.9138       83.7713        213.9514       
1200.0000      28.0000        6.7726         283.2682       99.0157        79.9280        161.4901       84.5759        216.4366       
1200.0000      29.0000        6.7156         287.8324       102.0726       80.7158        165.0009       85.3509        218.8225       
1200.0000      30.0000        6.6587         292.3110       105.0652       81.4617        168.4405       86.0985        221.1109       
1300.0000      0.0000         9.0976         125.1173       12.2723        32.4652        53.0279        40.1721        96.6373        
1300.0000      1.0000         8.9719         131.2882       14.5543        35.0988        56.5000        42.7157        102.7287       
1300.0000      2.0000         8.8511         137.4013       16.9472        37.6406        60.0315        45.1563        108.6399       
1300.0000      3.0000         8.7350         143.4610       19.4453        40.0932        63.6198        47.4978        114.3769       
1300.0000      4.0000         8.6234         149.4711       22.0426        42.4586        67.2617        49.7439        119.9451       
1300.0000      5.0000         8.5159         155.4342       24.7331        44.7390        70.9539        51.8984        125.3496       
1300.0000      6.0000         8.4124         161.3526       27.5110        46.9364        74.6927        53.9646        130.5948       
1300.0000      7.0000         8.3128         167.2279       30.3700        49.0528        78.4744        55.9457        135.6850       
1300.0000      8.0000         8.2167         173.0609       33.3041        51.0902        82.2948        57.8449        140.6243       
1300.0000      9.0000         8.1240         178.8522       36.3071        53.0505        86.1500        59.6652        145.4164       
1300.0000      10.0000        8.0346         184.6020       39.3729        54.9354        90.0355        61.4096        150.0647       
1300.0000      11.0000        7.9482         190.3099       42.4951        56.7468        93.9470        63.0808        154.5725       
1300.0000      12.0000        7.8646         195.9752       45.6676        58.4864        97.8798        64.6817        158.9428       
1300.0000      13.0000        7.7837         201.5971       48.8841        60.1560        101.8293       66.2150        163.1787       
1300.0000      14.0000        7.7054         207.1744       52.1383        61.7574        105.7908       67.6832        167.2829       
1300.0000      15.0000        7.6294         212.7056       55.4239        63.2922        109.7595       69.0890        171.2581       
1300.0000      16.0000        7.5556         218.1890       58.7346        64.7620        113.7304       70.4349        175.1067       
1300.0000      17.0000        7.4839         223.6228       62.0639        66.1687        117.6985       71.7233        178.8314       
1300.0000      18.0000        7.4140         229.0049       65.4056        67.5138        121.6589       72.9567        182.4343       
1300.0000      19.0000        7.3459         234.3330       68.7533        68.7989        125.6065       74.1375        185.9177       
1300.0000      20.0000        7.2794         239.6049       72.1006        70.0258        129.5360       75.2681        189.2839       
1300.0000      21.0000        7.2144         244.8179       75.4411        71.1960        133.4424       76.3508        192.5350       
1300.0000      22.0000        7.1506         249.9694       78.7685        72.3112        137.3204       77.3880        195.6730       
1300.0000      23.0000        7.0880         255.0566       82.0763        73.3730        141.1647       78.3818        198.7000       
1300.0000      24.0000        7.0263         260.0768       85.3581        74.3830        144.9700       79.3347        201.6179       
1300.0000      25.0000        6.9656         265.0268       88.6076        75.3429        148.7311       80.2489        204.4286       
1300.0000      26.0000        6.9056         269.9036       91.8183        76.2543        152.4425       81.1265        207.1341       
1300.0000      27.0000        6.8462         274.7041       94.9837        77.1188        156.0989       81.9699        209.7361       
1300.0000      28.0000        6.7873         279.4249       98.0975        77.9380        159.6948       82.7813        212.2365       
1300.0000      29.0000        6.7287         284.0628       101.1533       78.7136        163.2249       83.5627        214.6370       
1300.0000      30.0000        6.6703         288.6144       104.1445       79.4472        166.6836       84.3166        216.9395       
1400.0000      0.0000         9.1666         118.3048       11.2858        30.6525        50.3614        37.9433        91.4378        
1400.0000      1.0000         9.0381         124.6436       13.5767        33.2894        53.8867        40.5189        97.6033        
1400.0000      2.0000         8.9147         130.9163       15.9777        35.8335        57.4687        42.9894        103.5836       
1400.0000      3.0000         8.7961         137.1280       18.4831        38.2872        61.1046        45.3588        109.3852       
1400.0000      4.0000         8.6820         143.2831       21.0870        40.6527        64.7917        47.6310        115.0137       
1400.0000      5.0000         8.5722         149.3849       23.7835        42.9323        68.5268        49.8099        120.4746       
1400.0000      6.0000         8.4664         155.4361       26.5668        45.1280        72.3065        51.8990        125.7726       
1400.0000      7.0000         8.3646         161.4387       29.4306        47.2420        76.1270        53.9015        130.9124       
1400.0000      8.0000         8.2664         167.3940       32.3690        49.2760        79.9846        55.8208        135.8981       
1400.0000      9.0000         8.1716         173.3031       35.3759        51.2322        83.8752        57.6600        140.7337       
1400.0000      10.0000        8.0801         179.1664       38.4450        53.1124        87.7946        59.4221        145.4229       
1400.0000      11.0000        7.9918         184.9838       41.5702        54.9184        91.7386        61.1100        149.9690       
1400.0000      12.0000        7.9063         190.7551       44.7452        56.6520        95.7025        62.7266        154.3754       
1400.0000      13.0000        7.8235         196.4795       47.9639        58.3150        99.6820        64.2746        158.6452       
1400.0000      14.0000        7.7433         202.1563       51.2200        59.9092        103.6724       65.7567        162.7813       
1400.0000      15.0000        7.6655         207.7841       54.5070        61.4363        107.6688       67.1755        166.7864       
1400.0000      16.0000        7.5900         213.3614       57.8189        62.8980        111.6665       68.5337        170.6633       
1400.0000      17.0000        7.5165         218.8867       61.1491        64.2960        115.6605       69.8337        174.4146       
1400.0000      18.0000        7.4449         224.3580       64.4915        65.6320        119.6460       71.0781        178.0426       
1400.0000      19.0000        7.3751         229.7733       67.8396        66.9077        123.6178       72.2692        181.5498       
1400.0000      20.0000        7.3069         235.1304       71.1871        68.1246        127.5709       73.4096        184.9384       
1400.0000      21.0000        7.2402         240.4268       74.5276        69.2846        131.5002       74.5016        188.2107       
1400.0000      22.0000        7.1748         245.6602       77.8547        70.3892        135.4005       75.5475        191.3688       
1400.0000      23.0000        7.1105         250.8278       81.1621        71.4402        139.2665       76.5498        194.4149       
1400.0000      24.0000        7.0473         255.9269       84.4433        72.4390        143.0931       77.5106        197.3509       
1400.0000      25.0000        6.9850         260.9547       87.6920        73.3875        146.8750       78.4324        200.1789       
1400.0000      26.0000        6.9234         265.9081       90.9018        74.2872        150.6067       79.3173        202.9008       
1400.0000      27.0000        6.8625         270.7842       94.0662        75.1398        154.2831       80.1677        205.5186       
1400.0000      28.0000        6.8020         275.5797       97.1789        75.9470        157.8986       80.9857        208.0342       
1400.0000      29.0000        6.7418         280.2914       100.2334       76.7104        161.4479       81.7737        210.4494       
1400.0000      30.0000        6.6819         284.9160       103.2234       77.4316        164.9257       82.5337        212.7660       
1500.0000      0.0000         9.2355         111.4904       10.2991        28.8393        47.6941        35.7140        86.2370        
1500.0000      1.0000         9.1043         117.9971       12.5988        31.4795        51.2727        38.3216        92.4764        
1500.0000      2.0000         8.9783         124.4294       15.0079        34.0258        54.9050        40.8218        98.5258        
1500.0000      3.0000         8.8572         130.7932       17.5206        36.4806        58.5887        43.2191        104.3919       
1500.0000      4.0000         8.7406         137.0933       20.1311        38.8463        62.3210        45.5175        110.0808       
1500.0000      5.0000         8.6285         143.3337       22.8336        41.1251        66.0990        47.7208        115.5981       
1500.0000      6.0000         8.5205         149.5177       25.6222        43.3191        69.9195        49.8327        120.9490       
1500.0000      7.0000         8.4164         155.6476       28.4909        45.4305        73.7789        51.8567        126.1383       
1500.0000      8.0000         8.3161         161.7253       31.4336        47.4613        77.6736        53.7961        131.1704       
1500.0000      9.0000         8.2192         167.7522       34.4443        49.4134        81.5996        55.6541        136.0495       
1500.0000      10.0000        8.1257         173.7289       37.5168        51.2888        85.5530        57.4339        140.7795       
1500.0000      11.0000        8.0354         179.6559       40.6449        53.0894        89.5294        59.1385        145.3640       
1500.0000      12.0000        7.9480         185.5331       43.8225        54.8170        93.5245        60.7707        149.8064       
1500.0000      13.0000        7.8633         191.3601       47.0434        56.4734        97.5340        62.3334        154.1101       
1500.0000      14.0000        7.7813         197.1363       50.3012        58.0604        101.5531       63.8294        158.2780       
1500.0000      15.0000        7.7017         202.8607       53.5898        59.5798        105.5773       65.2613        162.3131       
1500.0000      16.0000        7.6243         208.5320       56.9029        61.0333        109.6018       66.6317        166.2183       
1500.0000      17.0000        7.5491         214.1488       60.2340        62.4226        113.6217       67.9434        169.9962       
1500.0000      18.0000        7.4758         219.7094       63.5770        63.7495        117.6322       69.1987        173.6493       
1500.0000      19.0000        7.4043         225.2119       66.9255        65.0157        121.6283       70.4002        177.1802       
1500.0000      20.0000        7.3344         230.6542       70.2732        66.2228        125.6050       71.5504        180.5912       
1500.0000      21.0000        7.2660         236.0341       73.6136        67.3725        129.5572       72.6517        183.8847       
1500.0000      22.0000        7.1990         241.3494       76.9405        68.4666        133.4798       73.7064        187.0629       
1500.0000      23.0000        7.1331         246.5973       80.2475        69.5066        137.3676       74.7170        190.1280       
1500.0000      24.0000        7.0683         251.7755       83.5281        70.4943        141.2155       75.6859        193.0822       
1500.0000      25.0000        7.0044         256.8810       86.7760        71.4313        145.0181       76.6152        195.9275       
1500.0000      26.0000        6.9412         261.9111       89.9849        72.3194        148.7702       77.5074        198.6659       
1500.0000      27.0000        6.8787         266.8627       93.1483        73.1601        152.4665       78.3647        201.2995       
1500.0000      28.0000        6.8167         271.7328       96.2599        73.9552        156.1017       79.1894        203.8303       
1500.0000      29.0000        6.7550         276.5184       99.3132        74.7064        159.6703       79.9838        206.2600       
1500.0000      30.0000        6.6935         281.2160       102.3019       75.4153        163.1671       80.7501        208.5908       
1600.0000      0.0000         9.3045         104.6745       9.3122         27.0256        45.0262        33.4842        81.0350        
1600.0000      1.0000         9.1706         111.3491       11.6207        29.6692        48.6581        36.1237        87.3484        
1600.0000      2.0000         9.0419         117.9410       14.0378        32.2177        52.3408        38.6538        93.4669        
1600.0000      3.0000         8.9183         124.4567       16.5578        34.6737        56.0721        41.0790        99.3975        
1600.0000      4.0000         8.7993         130.9019       19.1750        37.0394        59.8496        43.4034        105.1467       
1600.0000      5.0000         8.6848         137.2810       21.8835        39.3174        63.6706        45.6311        110.7204       
1600.0000      6.0000         8.5745         143.5977       24.6775        41.5097        67.5319        47.7659        116.1241       
1600.0000      7.0000         8.4682         149.8550       27.5510        43.6185        71.4302        49.8113        121.3628       
1600.0000      8.0000         8.3658         156.0551       30.4980        45.6460        75.3620        51.7708        126.4414       
1600.0000      9.0000         8.2669         162.1997       33.5125        47.5940        79.3234        53.6477        131.3640       
1600.0000      10.0000        8.1713         168.2899       36.5883        49.4647        83.3107        55.4452        136.1348       
1600.0000      11.0000        8.0790         174.3264       39.7194        51.2599        87.3196        57.1664        140.7576       
1600.0000      12.0000        7.9897         180.3096       42.8996        52.9814        91.3459        58.8143        145.2361       
1600.0000      13.0000        7.9031         186.2392       46.1226        54.6312        95.3853        60.3917        149.5736       
1600.0000      14.0000        7.8192         192.1149       49.3823        56.2110        99.4333        61.9015        153.7734       
1600.0000      15.0000        7.7378         197.9359       52.6724        57.7227        103.4852       63.3465        157.8385       
1600.0000      16.0000        7.6587         203.7012       55.9866        59.1680        107.5365       64.7293        161.7719       
1600.0000      17.0000        7.5817         209.4095       59.3187        60.5487        111.5823       66.0525        165.5764       
1600.0000      18.0000        7.5067         215.0593       62.6623        61.8665        115.6179       67.3188        169.2546       
1600.0000      19.0000        7.4335         220.6490       66.0112        63.1231        119.6383       68.5306        172.8092       
1600.0000      20.0000        7.3619         226.1766       69.3590        64.3203        123.6385       69.6906        176.2426       
1600.0000      21.0000        7.2919         231.6400       72.6994        65.4598        127.6137       70.8012        179.5573       
1600.0000      22.0000        7.2232         237.0371       76.0260        66.5432        131.5586       71.8647        182.7556       
1600.0000      23.0000        7.1557         242.3655       79.3325        67.5724        135.4681       72.8837        185.8398       
1600.0000      24.0000        7.0893         247.6227       82.6126        68.5489        139.3372       73.8605        188.8121       
1600.0000      25.0000        7.0238         252.8060       85.8598        69.4745        143.1606       74.7974        191.6747       
1600.0000      26.0000        6.9590         257.9127       89.0678        70.3509        146.9331       75.6969        194.4296       
1600.0000      27.0000        6.8950         262.9399       92.2302        71.1797        150.6493       76.5612        197.0790       
1600.0000      28.0000        6.8314         267.8848       95.3406        71.9627        154.3041       77.3926        199.6249       
1600.0000      29.0000        6.7681         272.7441       98.3927        72.7017        157.8921       78.1934        202.0693       
1600.0000      30.0000        6.7051         277.5148       101.3801       73.3982        161.4079       78.9660        204.4142       
1700.0000      0.0000         9.3735         97.8573        8.3250         25.2117        42.3579        31.2539        75.8320        
1700.0000      1.0000         9.2368         104.6998       10.6425        27.8586        46.0431        33.9254        82.2194        
1700.0000      2.0000         9.1056         111.4513       13.0676        30.4093        49.7761        36.4854        88.4069        
1700.0000      3.0000         8.9794         118.1191       15.5949        32.8663        53.5550        38.9384        94.4020        
1700.0000      4.0000         8.8580         124.7093       18.2187        35.2322        57.3778        41.2889        100.2115       
1700.0000      5.0000         8.7411         131.2270       20.9332        37.5093        61.2416        43.5410        105.8416       
1700.0000      6.0000         8.6286         137.6765       23.7325        39.6999        65.1437        45.6986        111.2982       
1700.0000      7.0000         8.5201         144.0612       26.6108        41.8062        69.0810        47.7655        116.5864       
1700.0000      8.0000         8.4155         150.3836       29.5622        43.8303        73.0498        49.7451        121.7113       
1700.0000      9.0000         8.3145         156.6459       32.5804        45.7743        77.0468        51.6409        126.6774       
1700.0000      10.0000        8.2170         162.8497       35.6597        47.6402        81.0679        53.4561        131.4891       
1700.0000      11.0000        8.1226         168.9958       38.7937        49.4299        85.1093        55.1939        136.1502       
1700.0000      12.0000        8.0314         175.0849       41.9764        51.1454        89.1668        56.8574        140.6647       
1700.0000      13.0000        7.9430         181.1171       45.2016        52.7886        93.2361        58.4496        145.0361       
1700.0000      14.0000        7.8572         187.0923       48.4631        54.3612        97.3129        59.9732        149.2677       
1700.0000      15.0000        7.7740         193.0099       51.7547        55.8652        101.3926       61.4312        153.3628       
1700.0000      16.0000        7.6931         198.8692       55.0701        57.3023        105.4707       62.8263        157.3245       
1700.0000      17.0000        7.6143         204.6690       58.4031        58.6743        109.5424       64.1611        161.1555       
1700.0000      18.0000        7.5376         210.4081       61.7473        59.9830        113.6030       65.4384        164.8589       
1700.0000      19.0000        7.4627         216.0850       65.0966        61.2301        117.6477       66.6606        168.4371       
1700.0000      20.0000        7.3894         221.6978       68.4446        62.4174        121.6716       67.8304        171.8930       
1700.0000      21.0000        7.3177         227.2448       71.7849        63.5466        125.6696       68.9502        175.2289       
1700.0000      22.0000        7.2474         232.7238       75.1113        64.6194        129.6368       70.0225        178.4472       
1700.0000      23.0000        7.1783         238.1326       78.4174        65.6377        133.5681       71.0499        181.5505       
1700.0000      24.0000        7.1103         243.4688       81.6968        66.6030        137.4584       72.0346        184.5409       
1700.0000      25.0000        7.0432         248.7299       84.9433        67.5171        141.3026       72.9792        187.4207       
1700.0000      26.0000        6.9769         253.9133       88.1504        68.3818        145.0954       73.8859        190.1922       
1700.0000      27.0000        6.9112         259.0161       91.3118        69.1988        148.8317       74.7571        192.8574       
1700.0000      28.0000        6.8461         264.0356       94.4211        69.9697        152.5061       75.5952        195.4184       
1700.0000      29.0000        6.7813         268.9688       97.4720        70.6965        156.1134       76.4025        197.8775       
1700.0000      30.0000        6.7167         273.8126       100.4580       71.3806        159.6482       77.1813        200.2365       
