The SAM model uses the reference state from Cu.dat at T = 100.000000     K
Reference data for Cubic structure, Space-Group Number between 195 and 230: 
T(K)           V(ang^3/atom)  P(GPa)         rho(g/cm^3)    C11(GPa)       C12(GPa)       C44(GPa)       BH(GPa)        GH(GPa)        EH(GPa)        Debye(K)       
100.0000       11.6212        0.0000         0.0000         171.0000       119.6000       78.5000        136.7333       50.2347        134.2620       109.7183       
100.0000       10.9450        10.0000        0.0000         255.1000       163.3000       120.9000       193.9000       82.0067        215.6222       138.3976       
100.0000       10.4733        20.0000        0.0000         337.7000       205.4000       162.4000       249.5000       113.2771       295.1618       161.2230       
100.0000       9.8180         40.0000        0.0000         500.4000       287.9000       243.7000       358.7333       174.6587       450.8128       197.7432       
100.0000       9.3658         60.0000        0.0000         660.1000       368.4000       323.6000       465.6333       235.0240       603.5301       227.4023       
The SAM model parameters are as follows:
V: b0 is 0.00093132 (ang$^3/atom)     b1 is -0.07708797 (ang^3/atom/GPa)     RMSE is 0.00866374 (ang^3/atom)
C11: b0 is 0.068883 (GPa)     b1 is 5.395089     RMSE is 0.544365 (GPa)
C12: b0 is 0.031261 (GPa)     b1 is 3.252187     RMSE is 0.390413 (GPa)
C44: b0 is 0.047829 (GPa)     b1 is 2.583015     RMSE is 0.322023 (GPa)
B: b0 is 0.043628 (GPa)     b1 is 3.958380     RMSE is 0.387921 (GPa)
G: b0 is 0.032784 (GPa)     b1 is 1.829314     RMSE is 0.213622 (GPa)
E: b0 is 0.079490 (GPa)     b1 is 4.783771     RMSE is 0.485849 (GPa)
The modeled elastic constants and moduli are as follows:
T(K)           P(GPa)         V(ang^3/atom)  C11(GPa)       C12(GPa)       C44(GPa)       B(GPa)         G(GPa)         E(GPa)         
0.0000         0.0000         11.5566        175.5149       122.3216       80.6616        140.0459       51.7656        138.2652       
0.0000         2.0000         11.4062        192.2419       131.0805       89.1325        151.4611       58.0946        154.5221       
0.0000         4.0000         11.2666        208.9238       139.7632       97.5726        162.8105       64.4117        170.7154       
0.0000         6.0000         11.1370        225.5585       148.3739       105.9812       174.0960       70.7153        186.8442       
0.0000         8.0000         11.0167        242.1460       156.9181       114.3585       185.3215       77.0046        202.9093       
0.0000         10.0000        10.9051        258.6878       165.4022       122.7053       196.4916       83.2788        218.9121       
0.0000         12.0000        10.8011        275.1862       173.8333       131.0227       207.6119       89.5378        234.8551       
0.0000         14.0000        10.7042        291.6442       182.2189       139.3120       218.6884       95.7813        250.7411       
0.0000         16.0000        10.6133        308.0655       190.5668       147.5747       229.7276       102.0093       266.5736       
0.0000         18.0000        10.5277        324.4541       198.8854       155.8126       240.7362       108.2221       282.3561       
0.0000         20.0000        10.4465        340.8143       207.1830       164.0276       251.7214       114.4198       298.0926       
0.0000         22.0000        10.3689        357.1499       215.4665       172.2213       262.6890       120.6027       313.7866       
0.0000         24.0000        10.2948        373.4609       223.7367       180.3947       273.6396       126.7713       329.4398       
0.0000         26.0000        10.2238        389.7468       231.9930       188.5484       284.5725       132.9261       345.0536       
0.0000         28.0000        10.1560        406.0072       240.2345       196.6832       295.4870       139.0675       360.6292       
0.0000         30.0000        10.0911        422.2414       248.4607       204.7999       306.3826       145.1960       376.1680       
0.0000         32.0000        10.0290        438.4492       256.6710       212.8993       317.2587       151.3121       391.6716       
0.0000         34.0000        9.9696         454.6302       264.8647       220.9820       328.1149       157.4165       407.1412       
0.0000         36.0000        9.9125         470.7839       273.0413       229.0490       338.9506       163.5095       422.5784       
0.0000         38.0000        9.8578         486.9102       281.2003       237.1011       349.7654       169.5918       437.9847       
0.0000         40.0000        9.8052         503.0087       289.3412       245.1391       360.5589       175.6640       453.3617       
0.0000         42.0000        9.7546         519.0793       297.4634       253.1638       371.3306       181.7265       468.7108       
0.0000         44.0000        9.7058         535.1216       305.5666       261.1761       382.0802       187.7799       484.0336       
0.0000         46.0000        9.6586         551.1356       313.6502       269.1768       392.8073       193.8248       499.3317       
0.0000         48.0000        9.6129         567.1209       321.7137       277.1668       403.5115       199.8618       514.6066       
0.0000         50.0000        9.5686         583.0775       329.7569       285.1469       414.1924       205.8915       529.8600       
0.0000         52.0000        9.5253         599.0051       337.7791       293.1180       424.8498       211.9144       545.0934       
0.0000         54.0000        9.4831         614.9037       345.7799       301.0809       435.4833       217.9310       560.3085       
0.0000         56.0000        9.4417         630.7730       353.7591       309.0366       446.0925       223.9421       575.5068       
0.0000         58.0000        9.4009         646.6130       361.7160       316.9859       456.6771       229.9482       590.6900       
0.0000         60.0000        9.3606         662.4234       369.6504       324.9297       467.2369       235.9498       605.8597       
100.0000       0.0000         11.6212        171.0000       119.6000       78.5000        136.7333       50.2347        134.2620       
100.0000       2.0000         11.4642        187.9760       128.5248       87.0672        148.3419       56.6336        150.7111       
100.0000       4.0000         11.3190        204.8680       137.3477       95.5883        159.8545       63.0095        167.0664       
100.0000       6.0000         11.1847        221.6820       146.0783       104.0657       171.2795       69.3632        183.3333       
100.0000       8.0000         11.0603        238.4240       154.7259       112.5021       182.6252       75.6953        199.5168       
100.0000       10.0000        10.9450        255.1000       163.3000       120.9000       193.9000       82.0067        215.6222       
100.0000       12.0000        10.8379        271.7160       171.8101       129.2619       205.1121       88.2980        231.6549       
100.0000       14.0000        10.7381        288.2780       180.2657       137.5903       216.2698       94.5700        247.6199       
100.0000       16.0000        10.6446        304.7920       188.6763       145.8877       227.3815       100.8234       263.5226       
100.0000       18.0000        10.5567        321.2640       197.0512       154.1568       238.4555       107.0588       279.3682       
100.0000       20.0000        10.4733        337.7000       205.4000       162.4000       249.5000       113.2771       295.1618       
100.0000       22.0000        10.3938        354.1050       213.7305       170.6196       260.5220       119.4789       310.9083       
100.0000       24.0000        10.3179        370.4800       222.0440       178.8168       271.5227       125.6649       326.6098       
100.0000       26.0000        10.2453        386.8250       230.3402       186.9925       282.5018       131.8357       342.2682       
100.0000       28.0000        10.1760        403.1400       238.6187       195.1477       293.4591       137.9919       357.8851       
100.0000       30.0000        10.1097        419.4250       246.8792       203.2833       304.3944       144.1342       373.4622       
100.0000       32.0000        10.0463        435.6800       255.1213       211.4003       315.3076       150.2632       389.0014       
100.0000       34.0000        9.9856         451.9050       263.3448       219.4995       326.1982       156.3796       404.5043       
100.0000       36.0000        9.9274         468.1000       271.5493       227.5819       337.0662       162.4838       419.9727       
100.0000       38.0000        9.8716         484.2650       279.7345       235.6484       347.9113       168.5767       435.4083       
100.0000       40.0000        9.8180         500.4000       287.9000       243.7000       358.7333       174.6587       450.8128       
100.0000       42.0000        9.7664         516.5050       296.0455       251.7376       369.5320       180.7306       466.1880       
100.0000       44.0000        9.7167         532.5800       304.1707       259.7621       380.3071       186.7930       481.5356       
100.0000       46.0000        9.6687         548.6250       312.2752       267.7745       391.0584       192.8464       496.8573       
100.0000       48.0000        9.6222         564.6400       320.3587       275.7757       401.7858       198.8916       512.1548       
100.0000       50.0000        9.5770         580.6250       328.4208       283.7667       412.4889       204.9291       527.4300       
100.0000       52.0000        9.5331         596.5800       336.4613       291.7483       423.1676       210.9596       542.6844       
100.0000       54.0000        9.4901         612.5050       344.4798       299.7215       433.8216       216.9838       557.9200       
100.0000       56.0000        9.4481         628.4000       352.4760       307.6872       444.4507       223.0021       573.1382       
100.0000       58.0000        9.4067         644.2650       360.4495       315.6464       455.0547       229.0153       588.3411       
100.0000       60.0000        9.3658         660.1000       368.4000       323.6000       465.6333       235.0240       603.5301       
200.0000       0.0000         11.7167        164.3111       115.5679       75.2975        131.8257       47.9667        128.3310       
200.0000       2.0000         11.5521        181.5106       124.6514       83.9371        143.6144       54.4194        144.9353       
200.0000       4.0000         11.4003        198.5872       133.6071       92.5154        155.2769       60.8381        161.4158       
200.0000       6.0000         11.2601        215.5547       142.4497       101.0382       166.8277       67.2259        177.7837       
200.0000       8.0000         11.1306        232.4252       151.1926       109.5102       178.2797       73.5852        194.0491       
200.0000       10.0000        11.0106        249.2093       159.8484       117.9359       189.6449       79.9181        210.2207       
200.0000       12.0000        10.8993        265.9166       168.4290       126.3192       200.9344       86.2262        226.3067       
200.0000       14.0000        10.7957        282.5562       176.9459       134.6638       212.1588       92.5112        242.3145       
200.0000       16.0000        10.6987        299.1365       185.4100       142.9732       223.3283       98.7744        258.2515       
200.0000       18.0000        10.6076        315.6655       193.8323       151.2509       234.4528       105.0173       274.1244       
200.0000       20.0000        10.5212        332.1510       202.2232       159.5000       245.5419       111.2411       289.9399       
200.0000       22.0000        10.4389        348.5993       210.5915       167.7234       256.6036       117.4468       305.7037       
200.0000       24.0000        10.3604        365.0123       218.9391       175.9225       267.6397       123.6354       321.4188       
200.0000       26.0000        10.2853        381.3905       227.2660       184.0987       278.6504       129.8077       337.0874       
200.0000       28.0000        10.2136        397.7345       235.5723       192.2529       289.6359       135.9643       352.7115       
200.0000       30.0000        10.1451        414.0447       243.8579       200.3862       300.5964       142.1060       368.2933       
200.0000       32.0000        10.0796        430.3216       252.1228       208.4997       311.5320       148.2336       383.8347       
200.0000       34.0000        10.0169        446.5654       260.3669       216.5946       322.4427       154.3478       399.3377       
200.0000       36.0000        9.9568         462.7766       268.5901       224.6718       333.3286       160.4494       414.8044       
200.0000       38.0000        9.8992         478.9554       276.7922       232.7324       344.1897       166.5389       430.2367       
200.0000       40.0000        9.8439         495.1021       284.9732       240.7774       355.0260       172.6172       445.6365       
200.0000       42.0000        9.7906         511.2170       293.1329       248.8079       365.8374       178.6850       461.0058       
200.0000       44.0000        9.7393         527.3003       301.2709       256.8249       376.6239       184.7428       476.3464       
200.0000       46.0000        9.6897         543.3522       309.3873       264.8295       387.3855       190.7915       491.6604       
200.0000       48.0000        9.6418         559.3729       317.4818       272.8225       398.1221       196.8317       506.9495       
200.0000       50.0000        9.5952         575.3626       325.5541       280.8051       408.8336       202.8642       522.2158       
200.0000       52.0000        9.5499         591.3215       333.6041       288.7783       419.5199       208.8895       537.4609       
200.0000       54.0000        9.5056         607.2498       341.6315       296.7431       430.1810       214.9083       552.6870       
200.0000       56.0000        9.4622         623.1476       349.6361       304.7005       440.8167       220.9215       567.8957       
200.0000       58.0000        9.4196         639.0151       357.6176       312.6514       451.4269       226.9296       583.0890       
200.0000       60.0000        9.3775         654.8525       365.5759       320.5970       462.0116       232.9333       598.2688       
300.0000       0.0000         11.8140        157.5071       111.4664       72.0400        126.8336       45.6597        122.2980       
300.0000       2.0000         11.6417        174.9208       120.7035       80.7467        138.7959       52.1625        139.0483       
300.0000       4.0000         11.4833        192.1727       129.7868       89.3771        150.6018       58.6205        155.6448       
300.0000       6.0000         11.3373        209.2845       138.7364       97.9400        162.2720       65.0388        172.1047       
300.0000       8.0000         11.2026        226.2743       147.5697       106.4425       173.8239       71.4216        188.4428       
300.0000       10.0000        11.0781        243.1573       156.3023       114.8907       185.2733       77.7722        204.6713       
300.0000       12.0000        10.9626        259.9469       164.9486       123.2901       196.6340       84.0935        220.8014       
300.0000       14.0000        10.8551        276.6551       173.5219       131.6456       207.9189       90.3878        236.8428       
300.0000       16.0000        10.7547        293.2926       182.0350       139.9616       219.1401       96.6573        252.8048       
300.0000       18.0000        10.6603        309.8697       190.4998       148.2425       230.3091       102.9039       268.6957       
300.0000       20.0000        10.5709        326.3956       198.9282       156.4921       241.4367       109.1294       284.5237       
300.0000       22.0000        10.4858        342.8783       207.3297       164.7138       252.5320       115.3353       300.2956       
300.0000       24.0000        10.4046        359.3202       215.7068       172.9095       263.5974       121.5227       316.0149       
300.0000       26.0000        10.3270        375.7227       224.0598       181.0806       274.6336       127.6925       331.6842       
300.0000       28.0000        10.2530        392.0866       232.3893       189.2282       285.6413       133.8457       347.3060       
300.0000       30.0000        10.1822        408.4130       240.6954       197.3536       296.6209       139.9830       362.8828       
300.0000       32.0000        10.1146        424.7026       248.9785       205.4582       307.5729       146.1053       378.4168       
300.0000       34.0000        10.0498        440.9563       257.2386       213.5431       318.4976       152.2136       393.9103       
300.0000       36.0000        9.9878         457.1746       265.4760       221.6094       329.3954       158.3085       409.3656       
300.0000       38.0000        9.9283         473.3581       273.6906       229.6584       340.2664       164.3908       424.7848       
300.0000       40.0000        9.8712         489.5074       281.8825       237.6911       351.1109       170.4614       440.1702       
300.0000       42.0000        9.8162         505.6230       290.0517       245.7088       361.9290       176.5210       455.5237       
300.0000       44.0000        9.7633         521.7054       298.1982       253.7125       372.7209       182.5704       470.8476       
300.0000       46.0000        9.7121         537.7551       306.3219       261.7033       383.4867       188.6103       486.1439       
300.0000       48.0000        9.6626         553.7723       314.4228       269.6824       394.2264       194.6415       501.4147       
300.0000       50.0000        9.6145         569.7575       322.5007       277.6508       404.9402       200.6647       516.6620       
300.0000       52.0000        9.5678         585.7111       330.5556       285.6096       415.6281       206.6807       531.8879       
300.0000       54.0000        9.5221         601.6334       338.5873       293.5600       426.2902       212.6903       547.0943       
300.0000       56.0000        9.4774         617.5247       346.5958       301.5030       436.9263       218.6941       562.2833       
300.0000       58.0000        9.4334         633.3853       354.5808       309.4397       447.5367       224.6928       577.4569       
300.0000       60.0000        9.3900         649.2157       362.5422       317.3711       458.1212       230.6873       592.6171       
400.0000       0.0000         11.9116        150.6740       107.3474       68.7685        121.8201       43.3428        116.2391       
400.0000       2.0000         11.7318        168.2994       116.7366       77.5410        133.9543       49.8948        133.1331       
400.0000       4.0000         11.5667        185.7241       125.9463       86.2222        145.9019       56.3911        149.8431       
400.0000       6.0000         11.4150        202.9777       135.0015       94.8238        157.6897       62.8390        166.3926       
400.0000       8.0000         11.2751        220.0844       143.9239       103.3552       169.3400       69.2443        182.8009       
400.0000       10.0000        11.1459        237.0639       152.7320       111.8246       180.8718       75.6117        199.0840       
400.0000       12.0000        11.0263        253.9334       161.4427       120.2388       192.3020       81.9451        215.2557       
400.0000       14.0000        10.9150        270.7077       170.0712       128.6038       203.6458       88.2478        231.3283       
400.0000       16.0000        10.8111        287.4002       178.6319       136.9250       214.9171       94.5225        247.3129       
400.0000       18.0000        10.7134        304.0228       187.1381       145.2077       226.1289       100.7719       263.2194       
400.0000       20.0000        10.6211        320.5869       195.6027       153.4563       237.2933       106.9981       279.0573       
400.0000       22.0000        10.5331        337.1015       204.0362       161.6750       248.4206       113.2032       294.8347       
400.0000       24.0000        10.4492        353.5700       212.4414       169.8657       259.5137       119.3884       310.5557       
400.0000       26.0000        10.3692        369.9941       220.8194       178.0301       270.5738       125.5547       326.2232       
400.0000       28.0000        10.2928        386.3756       229.1707       186.1697       281.6020       131.7034       341.8401       
400.0000       30.0000        10.2198        402.7157       237.4961       194.2858       292.5991       137.8352       357.4093       
400.0000       32.0000        10.1500        419.0156       245.7961       202.3798       303.5659       143.9513       372.9333       
400.0000       34.0000        10.0832        435.2766       254.0710       210.4532       314.5029       150.0524       388.4146       
400.0000       36.0000        10.0192        451.4995       262.3212       218.5071       325.4109       156.1396       403.8559       
400.0000       38.0000        9.9578         467.6852       270.5470       226.5428       336.2901       162.2136       419.2594       
400.0000       40.0000        9.8989         483.8346       278.7486       234.5617       347.1412       168.2754       434.6275       
400.0000       42.0000        9.8422         499.9485       286.9261       242.5649       357.9643       174.3258       449.9627       
400.0000       44.0000        9.7876         516.0275       295.0797       250.5537       368.7599       180.3656       465.2671       
400.0000       46.0000        9.7348         532.0722       303.2095       258.5292       379.5282       186.3956       480.5430       
400.0000       48.0000        9.6838         548.0834       311.3155       266.4927       390.2694       192.4167       495.7926       
400.0000       50.0000        9.6342         564.0615       319.3978       274.4453       400.9838       198.4296       511.0182       
400.0000       52.0000        9.5860         580.0072       327.4563       282.3881       411.6715       204.4352       526.2219       
400.0000       54.0000        9.5389         595.9208       335.4911       290.3225       422.3328       210.4343       541.4059       
400.0000       56.0000        9.4928         611.8030       343.5021       298.2494       432.9677       216.4275       556.5723       
400.0000       58.0000        9.4475         627.6541       351.4893       306.1701       443.5763       222.4158       571.7233       
400.0000       60.0000        9.4028         643.4747       359.4525       314.0856       454.1589       228.3999       586.8610       
500.0000       0.0000         12.0094        143.8291       103.2212       65.4913        116.7980       41.0219        110.1698       
500.0000       2.0000         11.8220        161.6652       112.7621       74.3291        129.1034       47.6228        127.2065       
500.0000       4.0000         11.6503        179.2618       122.0975       83.0605        141.1920       54.1569        144.0291       
500.0000       6.0000         11.4928        196.6563       131.2579       91.7003        153.0968       60.6340        160.6672       
500.0000       8.0000         11.3478        213.8788       140.2688       100.2602       164.8447       67.0615        177.1448       
500.0000       10.0000        11.2140        230.9539       149.1519       108.7502       176.4583       73.4453        193.4814       
500.0000       12.0000        11.0902        247.9023       157.9265       117.1785       187.9574       79.7905        209.6938       
500.0000       14.0000        10.9751        264.7418       166.6097       125.5524       199.3594       86.1011        225.7966       
500.0000       16.0000        10.8677        281.4882       175.2175       133.8783       210.6801       92.3807        241.8027       
500.0000       18.0000        10.7668        298.1555       183.7646       142.1622       221.9340       98.6324        257.7237       
500.0000       20.0000        10.6714        314.7566       192.2649       150.4093       233.1347       104.8589       273.5707       
500.0000       22.0000        10.5806        331.3021       200.7298       158.6242       244.2932       111.0627       289.3525       
500.0000       24.0000        10.4941        347.7961       209.1627       166.8094       255.4133       117.2453       305.0741       
500.0000       26.0000        10.4115        364.2411       217.5650       174.9666       266.4967       123.4078       320.7387       
500.0000       28.0000        10.3327        380.6391       225.9378       183.0975       277.5447       129.5515       336.3498       
500.0000       30.0000        10.2575        396.9918       234.2819       191.2036       288.5586       135.6775       351.9103       
500.0000       32.0000        10.1855        413.3011       242.5983       199.2866       299.5394       141.7868       367.4232       
500.0000       34.0000        10.1167        429.5683       250.8874       207.3477       310.4882       147.8805       382.8913       
500.0000       36.0000        10.0508        445.7948       259.1500       215.3886       321.4056       153.9595       398.3174       
500.0000       38.0000        9.9875         461.9817       267.3865       223.4105       332.2924       160.0248       413.7041       
500.0000       40.0000        9.9268         478.1302       275.5972       231.4149       343.1493       166.0773       429.0540       
500.0000       42.0000        9.8684         494.2412       283.7825       239.4030       353.9768       172.1180       444.3696       
500.0000       44.0000        9.8121         510.3158       291.9428       247.3762       364.7753       178.1477       459.6534       
500.0000       46.0000        9.7577         526.3546       300.0781       255.3357       375.5454       184.1674       474.9078       
500.0000       48.0000        9.7051         542.3587       308.1887       263.2829       386.2874       190.1779       490.1351       
500.0000       50.0000        9.6540         558.3287       316.2748       271.2190       397.0017       196.1801       505.3379       
500.0000       52.0000        9.6043         574.2653       324.3364       279.1452       407.6886       202.1748       520.5182       
500.0000       54.0000        9.5558         590.1693       332.3737       287.0628       418.3483       208.1628       535.6786       
500.0000       56.0000        9.5083         606.0412       340.3867       294.9729       428.9812       214.1451       550.8213       
500.0000       58.0000        9.4617         621.8817       348.3755       302.8769       439.5875       220.1224       565.9484       
500.0000       60.0000        9.4157         637.6914       356.3401       310.7760       450.1674       226.0956       581.0624       
600.0000       0.0000         12.1073        136.9783       99.0916        62.2114        111.7716       38.6990        104.0953       
600.0000       2.0000         11.9122        155.0247       108.7838       71.1142        124.2478       45.3485        121.2742       
600.0000       4.0000         11.7340        172.7926       118.2447       79.8955        136.4771       51.9204        138.2089       
600.0000       6.0000         11.5707        190.3275       127.5100       88.5731        148.4985       58.4264        154.9352       
600.0000       8.0000         11.4206        207.6654       136.6091       97.1613        160.3437       64.8759        171.4815       
600.0000       10.0000        11.2822        224.8356       145.5669       105.6716       172.0388       71.2760        187.8712       
600.0000       12.0000        11.1542        241.8624       154.4051       114.1138       183.6064       77.6327        204.1238       
600.0000       14.0000        11.0353        258.7666       163.1428       122.4963       195.0663       83.9511        220.2562       
600.0000       16.0000        10.9243        275.5663       171.7975       130.8266       206.4360       90.2353        236.2833       
600.0000       18.0000        10.8202        292.2778       180.3851       139.1113       217.7317       96.4891        252.2185       
600.0000       20.0000        10.7218        308.9155       188.9208       147.3566       228.9683       102.7158       268.0739       
600.0000       22.0000        10.6282        325.4915       197.4169       155.5676       240.1578       108.9181       283.8597       
600.0000       24.0000        10.5390        342.0105       205.8773       163.7469       251.3046       115.0978       299.5813       
600.0000       26.0000        10.4539        358.4758       214.3037       171.8966       262.4108       121.2563       315.2426       
600.0000       28.0000        10.3728        374.8897       222.6976       180.0185       273.4783       127.3949       330.8472       
600.0000       30.0000        10.2952        391.2547       231.0602       188.1143       284.5086       133.5147       346.3985       
600.0000       32.0000        10.2212        407.5727       239.3927       196.1858       295.5032       139.6171       361.8998       
600.0000       34.0000        10.1503        423.8457       247.6959       204.2345       306.4633       145.7030       377.3541       
600.0000       36.0000        10.0824        440.0752       255.9706       212.2620       317.3899       151.7736       392.7645       
600.0000       38.0000        10.0173        456.2628       264.2174       220.2697       328.2839       157.8300       408.1339       
600.0000       40.0000        9.9548         472.4098       272.4371       228.2593       339.1463       163.8730       423.4649       
600.0000       42.0000        9.8946         488.5175       280.6299       236.2320       349.9778       169.9038       438.7604       
600.0000       44.0000        9.8366         504.5871       288.7965       244.1893       360.7789       175.9233       454.0230       
600.0000       46.0000        9.7806         520.6196       296.9371       252.1325       371.5505       181.9324       469.2553       
600.0000       48.0000        9.7265         536.6160       305.0520       260.0631       382.2929       187.9321       484.4598       
600.0000       50.0000        9.6739         552.5773       313.1416       267.9823       393.0067       193.9232       499.6391       
600.0000       52.0000        9.6227         568.5043       321.2061       275.8915       403.6924       199.9068       514.7956       
600.0000       54.0000        9.5728         584.3980       329.2456       283.7919       414.3503       205.8836       529.9318       
600.0000       56.0000        9.5239         600.2592       337.2604       291.6850       424.9808       211.8547       545.0501       
600.0000       58.0000        9.4759         616.0885       345.2505       299.5720       435.5843       217.8208       560.1528       
600.0000       60.0000        9.4286         631.8868       353.2161       307.4541       446.1611       223.7828       575.2425       
700.0000       0.0000         12.2052        130.1242       94.9599        58.9298        106.7427       36.3750        98.0178        
700.0000       2.0000         12.0026        148.3805       104.8033       67.8975        119.3896       43.0730        115.3387       
700.0000       4.0000         11.8178        166.3195       114.3895       76.7285        131.7593       49.6825        132.3852       
700.0000       6.0000         11.6486        183.9945       123.7595       85.4439        143.8972       56.2174        149.1993       
700.0000       8.0000         11.4934        201.4475       132.9468       94.0601        155.8394       62.6887        165.8141       
700.0000       10.0000        11.3504        218.7125       141.9792       102.5906       167.6158       69.1049        182.2566       
700.0000       12.0000        11.2182        235.8174       150.8808       111.0465       179.2518       75.4731        198.5491       
700.0000       14.0000        11.0955        252.7860       159.6728       119.4375       190.7693       81.7991        214.7109       
700.0000       16.0000        10.9811        269.6389       168.3742       127.7719       202.1879       88.0878        230.7587       
700.0000       18.0000        10.8737        286.3942       177.0023       136.0574       213.5252       94.3437        246.7077       
700.0000       20.0000        10.7723        303.0683       185.5733       144.3007       224.7975       100.5703       262.5712       
700.0000       22.0000        10.6758        319.6743       194.1004       152.5075       236.0177       106.7711       278.3607       
700.0000       24.0000        10.5840        336.2182       202.5880       160.6808       247.1910       112.9479       294.0821       
700.0000       26.0000        10.4964        352.7034       211.0384       168.8228       258.3199       119.1022       309.7397       
700.0000       28.0000        10.4129        369.1330       219.4533       176.9355       269.4067       125.2355       325.3375       
700.0000       30.0000        10.3331        385.5099       227.8343       185.0209       280.4533       131.3491       340.8793       
700.0000       32.0000        10.2569        401.8365       236.1827       193.0807       291.4614       137.4443       356.3687       
700.0000       34.0000        10.1839        418.1149       244.4998       201.1168       302.4326       143.5224       371.8090       
700.0000       36.0000        10.1141        434.3472       252.7864       209.1307       313.3682       149.5845       387.2034       
700.0000       38.0000        10.0471        450.5351       261.0435       217.1241       324.2692       155.6318       402.5550       
700.0000       40.0000        9.9828         466.6804       269.2719       225.0986       335.1369       161.6652       417.8670       
700.0000       42.0000        9.9209         482.7845       277.4721       233.0557       345.9722       167.6860       433.1421       
700.0000       44.0000        9.8612         498.8487       285.6449       240.9969       356.7758       173.6951       448.3831       
700.0000       46.0000        9.8036         514.8745       293.7906       248.9237       367.5486       179.6935       463.5930       
700.0000       48.0000        9.7479         530.8629       301.9097       256.8374       378.2912       185.6822       478.7743       
700.0000       50.0000        9.6938         546.8152       310.0027       264.7396       389.0044       191.6622       493.9298       
700.0000       52.0000        9.6411         562.7324       318.0698       272.6315       399.6886       197.6345       509.0621       
700.0000       54.0000        9.5898         578.6155       326.1115       280.5147       410.3444       203.6000       524.1737       
700.0000       56.0000        9.5395         594.4656       334.1278       288.3905       420.9724       209.5596       539.2673       
700.0000       58.0000        9.4902         610.2834       342.1191       296.2602       431.5729       215.5144       554.3453       
700.0000       60.0000        9.4415         626.0699       350.0856       304.1252       442.1465       221.4652       569.4103       
800.0000       0.0000         12.3032        123.2680       90.8269        55.6473        101.7123       34.0502        91.9385        
800.0000       2.0000         12.0929        141.7341       100.8215       64.6797        114.5297       40.7968        109.4011       
800.0000       4.0000         11.9015        159.8439       110.5329       73.5604        127.0398       47.4438        126.5592       
800.0000       6.0000         11.7266        177.6588       120.0075       82.3134        139.2940       54.0075        143.4610       
800.0000       8.0000         11.5662        195.2268       129.2828       90.9575        151.3331       60.5005        160.1442       
800.0000       10.0000        11.4186        212.5864       138.3897       99.5080        163.1907       66.9328        176.6392       
800.0000       12.0000        11.2823        229.7692       147.3547       107.9776       174.8949       73.3124        192.9714       
800.0000       14.0000        11.1558        246.8021       156.2008       116.3769       186.4700       79.6459        209.1624       
800.0000       16.0000        11.0378        263.7079       164.9488       124.7155       197.9373       85.9391        225.2309       
800.0000       18.0000        10.9272        280.5069       173.6173       133.0016       209.3161       92.1969        241.1934       
800.0000       20.0000        10.8228        297.2171       182.2235       141.2428       220.6239       98.4235        257.0649       
800.0000       22.0000        10.7235        313.8532       190.7815       149.4453       231.8748       104.6226       272.8579       
800.0000       24.0000        10.6290        330.4216       199.2963       157.6125       243.0745       110.7963       288.5789       
800.0000       26.0000        10.5389        346.9266       207.7706       165.7467       254.2259       116.9464       304.2327       
800.0000       28.0000        10.4530        363.3717       216.2064       173.8501       265.3319       123.0743       319.8235       
800.0000       30.0000        10.3710        379.7603       224.6056       181.9249       276.3946       129.1816       335.3556       
800.0000       32.0000        10.2926        396.0952       232.9700       189.9730       287.4162       135.2697       350.8329       
800.0000       34.0000        10.2176        412.3789       241.3008       197.9963       298.3983       141.3399       366.2588       
800.0000       36.0000        10.1458        428.6138       249.5993       205.9965       309.3427       147.3934       381.6370       
800.0000       38.0000        10.0769        444.8019       257.8665       213.9755       320.2507       153.4315       396.9708       
800.0000       40.0000        10.0108        460.9452       266.1035       221.9348       331.1236       159.4553       412.2634       
800.0000       42.0000        9.9472         477.0455       274.3111       229.8762       341.9625       165.4659       427.5179       
800.0000       44.0000        9.8858         493.1042       282.4899       237.8012       352.7684       171.4645       442.7373       
800.0000       46.0000        9.8266         509.1231       290.6406       245.7113       363.5423       177.4521       457.9245       
800.0000       48.0000        9.7693         525.1034       298.7639       253.6081       374.2850       183.4298       473.0824       
800.0000       50.0000        9.7137         541.0465       306.8602       261.4931       384.9974       189.3986       488.2139       
800.0000       52.0000        9.6596         556.9536       314.9299       269.3678       395.6800       195.3595       503.3218       
800.0000       54.0000        9.6068         572.8260       322.9735       277.2335       406.3337       201.3136       518.4086       
800.0000       56.0000        9.5552         588.6647       330.9913       285.0919       416.9589       207.2617       533.4773       
800.0000       58.0000        9.5044         604.4708       338.9837       292.9442       427.5564       213.2051       548.5303       
800.0000       60.0000        9.4545         620.2454       346.9509       300.7920       438.1265       219.1445       563.5704       
900.0000       0.0000         12.4012        116.4104       86.6931        52.3640        96.6809        31.7250        85.8579        
900.0000       2.0000         12.1833        135.0861       96.8387        61.4611        109.6687       38.5200        103.4622       
900.0000       4.0000         11.9853        153.3667       106.6753       70.3914        122.3190       45.2045        120.7318       
900.0000       6.0000         11.8046        171.3214       116.2545       79.1820        134.6894       51.7970        137.7212       
900.0000       8.0000         11.6391        189.0042       125.6177       87.8540        146.8254       58.3117        154.4725       
900.0000       10.0000        11.4869        206.4583       134.7990       96.4245        158.7641       64.7600        171.0200       
900.0000       12.0000        11.3464        223.7190       143.8273       104.9076       170.5364       71.1509        187.3919       
900.0000       14.0000        11.2161        240.8159       152.7276       113.3152       182.1690       77.4920        203.6119       
900.0000       16.0000        11.0946        257.7746       161.5221       121.6578       193.6850       83.7896        219.7009       
900.0000       18.0000        10.9808        274.6172       170.2309       129.9445       205.1053       90.0492        235.6768       
900.0000       20.0000        10.8733        291.3634       178.8722       138.1835       216.4485       96.2757        251.5562       
900.0000       22.0000        10.7712        308.0293       187.4611       146.3817       227.7300       102.4731       267.3526       
900.0000       24.0000        10.6740        324.6222       196.0031       154.5426       238.9559       108.6437       283.0730       
900.0000       26.0000        10.5814        341.1468       204.5011       162.6690       250.1299       114.7895       298.7228       
900.0000       28.0000        10.4931        357.6074       212.9578       170.7631       261.2549       120.9120       314.3066       
900.0000       30.0000        10.4089        374.0076       221.3752       178.8272       272.3337       127.0130       329.8289       
900.0000       32.0000        10.3283        390.3507       229.7554       186.8634       283.3686       133.0939       345.2938       
900.0000       34.0000        10.2513        406.6395       238.0998       194.8739       294.3616       139.1561       360.7054       
900.0000       36.0000        10.1775        422.8769       246.4101       202.8604       305.3148       145.2009       376.0673       
900.0000       38.0000        10.1068        439.0651       254.6875       210.8248       316.2296       151.2298       391.3831       
900.0000       40.0000        10.0388        455.2063       262.9331       218.7689       327.1075       157.2438       406.6561       
900.0000       42.0000        9.9735         471.3026       271.1479       226.6945       337.9500       163.2443       421.8899       
900.0000       44.0000        9.9105         487.3557       279.3327       234.6032       348.7582       169.2323       437.0874       
900.0000       46.0000        9.8496         503.3675       287.4884       242.4966       359.5331       175.2091       452.2518       
900.0000       48.0000        9.7908         519.3395       295.6157       250.3764       370.2758       181.1757       467.3863       
900.0000       50.0000        9.7336         535.2733       303.7152       258.2441       380.9873       187.1332       482.4936       
900.0000       52.0000        9.6780         551.1703       311.7874       266.1014       391.6683       193.0827       497.5769       
900.0000       54.0000        9.6238         567.0317       319.8329       273.9496       402.3197       199.0253       512.6389       
900.0000       56.0000        9.5708         582.8590       327.8522       281.7905       412.9421       204.9619       527.6824       
900.0000       58.0000        9.5187         598.6533       335.8456       289.6254       423.5364       210.8937       542.7104       
900.0000       60.0000        9.4675         614.4158       343.8135       297.4558       434.1030       216.8217       557.7255       
1000.0000      0.0000         12.4992        109.5518       82.5587        49.0803        91.6487        29.3995        79.7764        
1000.0000      2.0000         12.2737        128.4371       92.8553        58.2421        104.8069       36.2428        97.5223        
1000.0000      4.0000         12.0691        146.8883       102.8170       67.2219        117.5974       42.9648        114.9034       
1000.0000      6.0000         11.8827        164.9828       112.5007       76.0500        130.0840       49.5860        131.9802       
1000.0000      8.0000         11.7120        182.7803       121.9518       84.7498        142.3168       56.1224        148.7997       
1000.0000      10.0000        11.5552        200.3288       131.2075       93.3403        154.3365       62.5867        165.3996       
1000.0000      12.0000        11.4105        217.6672       140.2990       101.8369       166.1769       68.9889        181.8109       
1000.0000      14.0000        11.2764        234.8282       149.2534       110.2528       177.8669       75.3375        198.0600       
1000.0000      16.0000        11.1514        251.8397       158.0945       118.5993       189.4316       81.6394        214.1693       
1000.0000      18.0000        11.0343        268.7257       166.8435       126.8865       200.8931       87.9009        230.1586       
1000.0000      20.0000        10.9238        285.5079       175.5199       135.1232       212.2718       94.1273        246.0458       
1000.0000      22.0000        10.8189        302.2035       184.1396       143.3171       223.5838       100.3229       261.8455       
1000.0000      24.0000        10.7191        318.8208       192.7087       151.4718       234.8360       106.4904       277.5653       
1000.0000      26.0000        10.6240        335.3650       201.2305       159.5902       246.0323       112.6318       293.2109       
1000.0000      28.0000        10.5333        351.8409       209.7079       167.6749       257.1764       118.7490       308.7876       
1000.0000      30.0000        10.4468        368.2526       218.1435       175.7283       268.2711       124.8435       324.2999       
1000.0000      32.0000        10.3641        384.6038       226.5394       183.7527       279.3193       130.9171       339.7526       
1000.0000      34.0000        10.2850        400.8977       234.8976       191.7502       290.3233       136.9713       355.1496       
1000.0000      36.0000        10.2093        417.1375       243.2196       199.7229       301.2851       143.0075       370.4951       
1000.0000      38.0000        10.1367        433.3256       251.5071       207.6727       312.2067       149.0271       385.7928       
1000.0000      40.0000        10.0669        449.4647       259.7612       215.6016       323.0897       155.0314       401.0463       
1000.0000      42.0000        9.9998         465.5569       267.9831       223.5113       333.9356       161.0216       416.2591       
1000.0000      44.0000        9.9351         481.6044       276.1740       231.4036       344.7459       166.9991       431.4347       
1000.0000      46.0000        9.8727         497.6090       284.3346       239.2803       355.5219       172.9649       446.5763       
1000.0000      48.0000        9.8122         513.5727       292.4659       247.1430       366.2645       178.9204       461.6871       
1000.0000      50.0000        9.7536         529.4970       300.5685       254.9934       376.9750       184.8666       476.7702       
1000.0000      52.0000        9.6965         545.3837       308.6432       262.8332       387.6543       190.8046       491.8288       
1000.0000      54.0000        9.6409         561.2342       316.6906       270.6639       398.3034       196.7357       506.8658       
1000.0000      56.0000        9.5865         577.0499       324.7112       278.4872       408.9230       202.6608       521.8842       
1000.0000      58.0000        9.5330         592.8323       332.7056       286.3045       419.5140       208.5810       536.8869       
1000.0000      60.0000        9.4805         608.5826       340.6742       294.1176       430.0771       214.4976       551.8769       
