#Y. Zhao, Z. Wu, S. Hao, W. Wang, X. Deng, J. Song, Elastic properties of fe-bearing akimotoite at mantle conditions: Implications for composition and temperature in lower mantle transition zone, Fundamental Research 2 (2022) 570–577.
#T(K)	V(Ang^3/atom)	P(GPa)	rho(None)	C11(GPa)	C12(GPa)	C13(GPa)	C14(GPa)	C15(GPa)	C33(GPa)	C44(GPa)
0	6.56764	0	1	451	155	94	-15	26	361	103
0	6.53781	1	1	456.62134	158.29125	98.04476	-14.74954	26.57549	366.45041	105.09612
0	6.50798	2	1	462.20536	161.585	102.07904	-14.49816	27.14196	371.84164	107.16448
0	6.47815	3	1	467.75206	164.88125	106.10284	-14.24586	27.69941	377.17369	109.20508
0	6.44832	4	1	473.26144	168.18	110.11616	-13.99264	28.24784	382.44656	111.21792
0	6.4185	5	1	478.7335	171.48125	114.119	-13.7385	28.78725	387.66025	113.203
0	6.3919	6	1	484.16824	174.785	118.11136	-13.48344	29.31764	392.81476	115.16032
0	6.3653	7	1	489.56566	178.09125	122.09324	-13.22746	29.83901	397.91009	117.08988
0	6.33871	8	1	494.92576	181.4	126.06464	-12.97056	30.35136	402.94624	118.99168
0	6.31211	9	1	500.24854	184.71125	130.02556	-12.71274	30.85469	407.92321	120.86572
0	6.28554	10	1	505.534	188.025	133.976	-12.454	31.349	412.841	122.712
0	6.26263	11	1	510.78214	191.34125	137.91596	-12.19434	31.83429	417.69961	124.53052
0	6.23973	12	1	515.99296	194.66	141.84544	-11.93376	32.31056	422.49904	126.32128
0	6.21682	13	1	521.16646	197.98125	145.76444	-11.67226	32.77781	427.23929	128.08428
0	6.19392	14	1	526.30264	201.305	149.67296	-11.40984	33.23604	431.92036	129.81952
0	6.17103	15	1	531.4015	204.63125	153.571	-11.1465	33.68525	436.54225	131.527
0	6.14951	16	1	536.46304	207.96	157.45856	-10.88224	34.12544	441.10496	133.20672
0	6.12799	17	1	541.48726	211.29125	161.33564	-10.61706	34.55661	445.60849	134.85868
0	6.10647	18	1	546.47416	214.625	165.20224	-10.35096	34.97876	450.05284	136.48288
0	6.08495	19	1	551.42374	217.96125	169.05836	-10.08394	35.39189	454.43801	138.07932
0	6.06345	20	1	556.336	221.3	172.904	-9.816	35.796	458.764	139.648
0	6.04316	21	1	561.21094	224.64125	176.73916	-9.54714	36.19109	463.03081	141.18892
0	6.02287	22	1	566.04856	227.985	180.56384	-9.27736	36.57716	467.23844	142.70208
0	6.00258	23	1	570.84886	231.33125	184.37804	-9.00666	36.95421	471.38689	144.18748
0	5.98229	24	1	575.61184	234.68	188.18176	-8.73504	37.32224	475.47616	145.64512
0	5.96201	25	1	580.3375	238.03125	191.975	-8.4625	37.68125	479.50625	147.075
0	5.94411	26	1	585.02584	241.385	195.75776	-8.18904	38.03124	483.47716	148.47712
0	5.92622	27	1	589.67686	244.74125	199.53004	-7.91466	38.37221	487.38889	149.85148
0	5.90832	28	1	594.29056	248.1	203.29184	-7.63936	38.70416	491.24144	151.19808
0	5.89042	29	1	598.86694	251.46125	207.04316	-7.36314	39.02709	495.03481	152.51692
0	5.87252	30	1	603.406	254.825	210.784	-7.086	39.341	498.769	153.808
300	6.65133	0	1	436	150	86	-16	23	346	96
300	6.62024	1	1	441.97926	153.30201	90.09466	-15.75949	23.63458	351.77767	98.25469
300	6.58688	2	1	447.91704	156.60804	94.17864	-15.51796	24.25832	357.49068	100.47876
300	6.55583	3	1	453.81334	159.91809	98.25194	-15.27541	24.87122	363.13903	102.67221
300	6.52581	4	1	459.66816	163.23216	102.31456	-15.03184	25.47328	368.72272	104.83504
300	6.48906	5	1	465.4815	166.55025	106.3665	-14.78725	26.0645	374.24175	106.96725
300	6.46119	6	1	471.25336	169.87236	110.40776	-14.54164	26.64488	379.69612	109.06884
300	6.43552	7	1	476.98374	173.19849	114.43834	-14.29501	27.21442	385.08583	111.13981
300	6.41081	8	1	482.67264	176.52864	118.45824	-14.04736	27.77312	390.41088	113.18016
300	6.3806	9	1	488.32006	179.86281	122.46746	-13.79869	28.32098	395.67127	115.18989
300	6.35368	10	1	493.926	183.201	126.466	-13.549	28.858	400.867	117.169
300	6.32663	11	1	499.49046	186.54321	130.45386	-13.29829	29.38418	405.99807	119.11749
300	6.30395	12	1	505.01344	189.88944	134.43104	-13.04656	29.89952	411.06448	121.03536
300	6.28097	13	1	510.49494	193.23969	138.39754	-12.79381	30.40402	416.06623	122.92261
300	6.25331	14	1	515.93496	196.59396	142.35336	-12.54004	30.89768	421.00332	124.77924
300	6.23061	15	1	521.3335	199.95225	146.2985	-12.28525	31.3805	425.87575	126.60525
300	6.20535	16	1	526.69056	203.31456	150.23296	-12.02944	31.85248	430.68352	128.40064
300	6.18062	17	1	532.00614	206.68089	154.15674	-11.77261	32.31362	435.42663	130.16541
300	6.16486	18	1	537.28024	210.05124	158.06984	-11.51476	32.76392	440.10508	131.89956
300	6.14314	19	1	542.51286	213.42561	161.97226	-11.25589	33.20338	444.71887	133.60309
300	6.11543	20	1	547.704	216.804	165.864	-10.996	33.632	449.268	135.276
300	6.10127	21	1	552.85366	220.18641	169.74506	-10.73509	34.04978	453.75247	136.91829
300	6.07515	22	1	557.96184	223.57284	173.61544	-10.47316	34.45672	458.17228	138.52996
300	6.05833	23	1	563.02854	226.96329	177.47514	-10.21021	34.85282	462.52743	140.11101
300	6.0343	24	1	568.05376	230.35776	181.32416	-9.94624	35.23808	466.81792	141.66144
300	6.01631	25	1	573.0375	233.75625	185.1625	-9.68125	35.6125	471.04375	143.18125
300	5.99484	26	1	577.97976	237.15876	188.99016	-9.41524	35.97608	475.20492	144.67044
300	5.98303	27	1	582.88054	240.56529	192.80714	-9.14821	36.32882	479.30143	146.12901
300	5.96178	28	1	587.73984	243.97584	196.61344	-8.88016	36.67072	483.33328	147.55696
300	5.94541	29	1	592.55766	247.39041	200.40906	-8.61109	37.00178	487.30047	148.95429
300	5.92308	30	1	597.334	250.809	204.194	-8.341	37.322	491.203	150.321
1000	6.81261	0	1	400	142	75	-17	15	318	81
1000	6.77248	1	1	406.80288	145.37335	79.26395	-16.75944	15.78203	324.48023	83.61077
1000	6.73431	2	1	413.55152	148.7534	83.5158	-16.51776	16.54812	330.88092	86.18308
1000	6.6993	3	1	420.24592	152.14015	87.75555	-16.27496	17.29827	337.20207	88.71693
1000	6.66554	4	1	426.88608	155.5336	91.9832	-16.03104	18.03248	343.44368	91.21232
1000	6.62882	5	1	433.472	158.93375	96.19875	-15.786	18.75075	349.60575	93.66925
1000	6.59717	6	1	440.00368	162.3406	100.4022	-15.53984	19.45308	355.68828	96.08772
1000	6.56515	7	1	446.48112	165.75415	104.59355	-15.29256	20.13947	361.69127	98.46773
1000	6.53426	8	1	452.90432	169.1744	108.7728	-15.04416	20.80992	367.61472	100.80928
1000	6.50162	9	1	459.27328	172.60135	112.93995	-14.79464	21.46443	373.45863	103.11237
1000	6.46759	10	1	465.588	176.035	117.095	-14.544	22.103	379.223	105.377
1000	6.43774	11	1	471.84848	179.47535	121.23795	-14.29224	22.72563	384.90783	107.60317
1000	6.41376	12	1	478.05472	182.9224	125.3688	-14.03936	23.33232	390.51312	109.79088
1000	6.38747	13	1	484.20672	186.37615	129.48755	-13.78536	23.92307	396.03887	111.94013
1000	6.36195	14	1	490.30448	189.8366	133.5942	-13.53024	24.49788	401.48508	114.05092
1000	6.32707	15	1	496.348	193.30375	137.68875	-13.274	25.05675	406.85175	116.12325
1000	6.30802	16	1	502.33728	196.7776	141.7712	-13.01664	25.59968	412.13888	118.15712
1000	6.27723	17	1	508.27232	200.25815	145.84155	-12.75816	26.12667	417.34647	120.15253
1000	6.25336	18	1	514.15312	203.7454	149.8998	-12.49856	26.63772	422.47452	122.10948
1000	6.22887	19	1	519.97968	207.23935	153.94595	-12.23784	27.13283	427.52303	124.02797
1000	6.20617	20	1	525.752	210.74	157.98	-11.976	27.612	432.492	125.908
1000	6.18172	21	1	531.47008	214.24735	162.00195	-11.71304	28.07523	437.38143	127.74957
1000	6.15793	22	1	537.13392	217.7614	166.0118	-11.44896	28.52252	442.19132	129.55268
1000	6.13594	23	1	542.74352	221.28215	170.00955	-11.18376	28.95387	446.92167	131.31733
1000	6.11348	24	1	548.29888	224.8096	173.9952	-10.91744	29.36928	451.57248	133.04352
1000	6.09528	25	1	553.8	228.34375	177.96875	-10.65	29.76875	456.14375	134.73125
1000	6.07069	26	1	559.24688	231.8846	181.9302	-10.38144	30.15228	460.63548	136.38052
1000	6.0509	27	1	564.63952	235.43215	185.87955	-10.11176	30.51987	465.04767	137.99133
1000	6.03967	28	1	569.97792	238.9864	189.8168	-9.84096	30.87152	469.38032	139.56368
1000	6.01722	29	1	575.26208	242.54735	193.74195	-9.56904	31.20723	473.63343	141.09757
1000	6.00001	30	1	580.492	246.115	197.655	-9.296	31.527	477.807	142.593
1500	6.9107	0	1	369	135	65	-17	8	294	68
1500	6.86713	1	1	376.49708	138.37517	69.37365	-16.75936	8.93925	301.12292	70.93685
1500	6.82727	2	1	383.92832	141.76068	73.7346	-16.51744	9.857	308.15168	73.8274
1500	6.78261	3	1	391.29372	145.15653	78.08285	-16.27424	10.75325	315.08628	76.67165
1500	6.74771	4	1	398.59328	148.56272	82.4184	-16.02976	11.628	321.92672	79.4696
1500	6.7121	5	1	405.827	151.97925	86.74125	-15.784	12.48125	328.673	82.22125
1500	6.67525	6	1	412.99488	155.40612	91.0514	-15.53696	13.313	335.32512	84.9266
1500	6.64205	7	1	420.09692	158.84333	95.34885	-15.28864	14.12325	341.88308	87.58565
1500	6.60715	8	1	427.13312	162.29088	99.6336	-15.03904	14.912	348.34688	90.1984
1500	6.57452	9	1	434.10348	165.74877	103.90565	-14.78816	15.67925	354.71652	92.76485
1500	6.54108	10	1	441.008	169.217	108.165	-14.536	16.425	360.992	95.285
1500	6.51255	11	1	447.84668	172.69557	112.41165	-14.28256	17.14925	367.17332	97.75885
1500	6.4809	12	1	454.61952	176.18448	116.6456	-14.02784	17.852	373.26048	100.1864
1500	6.45222	13	1	461.32652	179.68373	120.86685	-13.77184	18.53325	379.25348	102.56765
1500	6.42326	14	1	467.96768	183.19332	125.0754	-13.51456	19.193	385.15232	104.9026
1500	6.39371	15	1	474.543	186.71325	129.27125	-13.256	19.83125	390.957	107.19125
1500	6.36736	16	1	481.05248	190.24352	133.4544	-12.99616	20.448	396.66752	109.4336
1500	6.33979	17	1	487.49612	193.78413	137.62485	-12.73504	21.04325	402.28388	111.62965
1500	6.31246	18	1	493.87392	197.33508	141.7826	-12.47264	21.617	407.80608	113.7794
1500	6.28907	19	1	500.18588	200.89637	145.92765	-12.20896	22.16925	413.23412	115.88285
1500	6.26625	20	1	506.432	204.468	150.06	-11.944	22.7	418.568	117.94
1500	6.24228	21	1	512.61228	208.04997	154.17965	-11.67776	23.20925	423.80772	119.95085
1500	6.21408	22	1	518.72672	211.64228	158.2866	-11.41024	23.697	428.95328	121.9154
1500	6.18611	23	1	524.77532	215.24493	162.38085	-11.14144	24.16325	434.00468	123.83365
1500	6.16621	24	1	530.75808	218.85792	166.4624	-10.87136	24.608	438.96192	125.7056
1500	6.14533	25	1	536.675	222.48125	170.53125	-10.6	25.03125	443.825	127.53125
1500	6.11824	26	1	542.52608	226.11492	174.5874	-10.32736	25.433	448.59392	129.3106
1500	6.10308	27	1	548.31132	229.75893	178.63085	-10.05344	25.81325	453.26868	131.04365
1500	6.08309	28	1	554.03072	233.41328	182.6616	-9.77824	26.172	457.84928	132.7304
1500	6.06414	29	1	559.68428	237.07797	186.67965	-9.50176	26.50925	462.33572	134.37085
1500	6.04012	30	1	565.272	240.753	190.685	-9.224	26.825	466.728	135.965
2000	7.05441	0	1	335	128	54	-18	0	266	54
2000	7.00717	1	1	343.30976	131.35883	58.48352	-17.76922	1.17513	273.91313	57.3415
2000	6.95974	2	1	351.53904	134.73532	62.95408	-17.53688	2.32052	281.71252	60.626
2000	6.9143	3	1	359.68784	138.12947	67.41168	-17.30298	3.43617	289.39817	63.8535
2000	6.86992	4	1	367.75616	141.54128	71.85632	-17.06752	4.52208	296.97008	67.024
2000	6.82948	5	1	375.744	144.97075	76.288	-16.8305	5.57825	304.42825	70.1375
2000	6.78626	6	1	383.65136	148.41788	80.70672	-16.59192	6.60468	311.77268	73.194
2000	6.74635	7	1	391.47824	151.88267	85.11248	-16.35178	7.60137	319.00337	76.1935
2000	6.71266	8	1	399.22464	155.36512	89.50528	-16.11008	8.56832	326.12032	79.136
2000	6.67711	9	1	406.89056	158.86523	93.88512	-15.86682	9.50553	333.12353	82.0215
2000	6.63583	10	1	414.476	162.383	98.252	-15.622	10.413	340.013	84.85
2000	6.6058	11	1	421.98096	165.91843	102.60592	-15.37562	11.29073	346.78873	87.6215
2000	6.56988	12	1	429.40544	169.47152	106.94688	-15.12768	12.13872	353.45072	90.336
2000	6.53617	13	1	436.74944	173.04227	111.27488	-14.87818	12.95697	359.99897	92.9935
2000	6.50921	14	1	444.01296	176.63068	115.58992	-14.62712	13.74548	366.43348	95.594
2000	6.47978	15	1	451.196	180.23675	119.892	-14.3745	14.50425	372.75425	98.1375
2000	6.44773	16	1	458.29856	183.86048	124.18112	-14.12032	15.23328	378.96128	100.624
2000	6.41289	17	1	465.32064	187.50187	128.45728	-13.86458	15.93257	385.05457	103.0535
2000	6.39257	18	1	472.26224	191.16092	132.72048	-13.60728	16.60212	391.03412	105.426
2000	6.36196	19	1	479.12336	194.83763	136.97072	-13.34842	17.24193	396.89993	107.7415
2000	6.33713	20	1	485.904	198.532	141.208	-13.088	17.852	402.652	110
2000	6.30796	21	1	492.60416	202.24403	145.43232	-12.82602	18.43233	408.29033	112.2015
2000	6.2823	22	1	499.22384	205.97372	149.64368	-12.56248	18.98292	413.81492	114.346
2000	6.25585	23	1	505.76304	209.72107	153.84208	-12.29738	19.50377	419.22577	116.4335
2000	6.23116	24	1	512.22176	213.48608	158.02752	-12.03072	19.99488	424.52288	118.464
2000	6.20577	25	1	518.6	217.26875	162.2	-11.7625	20.45625	429.70625	120.4375
2000	6.18491	26	1	524.89776	221.06908	166.35952	-11.49272	20.88788	434.77588	122.354
2000	6.16396	27	1	531.11504	224.88707	170.50608	-11.22138	21.28977	439.73177	124.2135
2000	6.14646	28	1	537.25184	228.72272	174.63968	-10.94848	21.66192	444.57392	126.016
2000	6.12508	29	1	543.30816	232.57603	178.76032	-10.67402	22.00433	449.30233	127.7615
2000	6.09681	30	1	549.284	236.447	182.868	-10.398	22.317	453.917	129.45
